Aylor_TCDD_Male_adult	Bartolomei_BPA10mg_Male_adult	Bartolomei_BPA10ug_Male_adult	Biswal_PM2.5_Male_adult	Dolinoy_DEHP_Male_adult	Dolinoy_Pb_Male_adult	Mutlu_PM2.5_Male_adult	Walker_TBT_Male_adult	Zhibin_As_Male_adult
2310001H17Rik	0	0	0	1	0	0	0	0	0
2310039H08Rik	0	0	0	0	0	0	1	0	0
4930579G24Rik	0	0	0	1	0	0	0	0	0
A230072C01Rik	0	0	0	0	0	0	0	1	0
Aamdc	0	0	0	1	0	0	0	0	0
Aatk	0	0	0	1	0	0	0	0	0
Abca5	0	0	0	1	0	0	0	0	0
Abca6	0	0	0	1	0	0	0	0	0
Abcb4	0	0	0	1	0	0	0	0	0
Abhd1	0	0	1	0	0	0	0	0	0
Abhd17a	0	0	0	1	0	0	0	0	0
Abhd17b	0	0	0	0	0	0	0	0	1
AC102496.1	0	0	0	1	0	0	0	0	0
AC163032.1	0	0	0	0	0	0	0	1	0
Acer2	0	0	0	1	0	0	0	0	0
Acmsd	0	0	0	0	0	0	1	0	0
Acsl1	0	0	0	1	0	0	0	0	0
Adamdec1	0	0	0	0	0	0	0	1	0
Adap2	0	0	0	1	0	0	0	0	0
Ahnak	0	0	0	1	0	0	0	0	0
Ahr	0	0	0	1	0	0	0	0	0
AI463229	0	0	0	1	0	0	0	0	0
Aif1	0	0	0	1	0	0	0	0	0
Aldh1a1	0	0	0	1	0	0	0	0	0
Aldh1b1	0	0	0	1	0	0	0	0	0
Angptl4	0	0	0	1	0	0	0	0	0
Ankrd54	0	0	0	1	0	0	0	0	0
Ap1s1	0	0	0	1	0	0	0	0	0
Aph1b	0	0	0	1	0	0	0	0	0
Aph1c	0	0	0	1	0	0	0	0	0
Apobec1	0	0	0	1	0	0	0	0	0
Ar	0	0	0	1	0	0	0	0	0
Arhgap26	0	0	0	1	0	0	0	0	0
Arhgap6	0	0	0	0	0	0	0	1	0
Arl4a	0	0	0	1	0	0	0	0	0
Armcx4	0	0	0	1	0	0	1	0	0
Asns	0	0	0	1	0	0	0	0	0
Atat1	0	0	0	0	0	0	0	0	1
Atg9a	0	0	0	0	0	1	0	0	0
Atp11a	0	0	0	0	0	0	1	1	0
Atp5e	0	0	0	0	0	0	0	0	1
Atp8b4	0	0	0	1	0	0	0	0	0
Bc1	0	0	0	1	0	0	0	0	0
Birc5	0	0	0	1	0	0	0	0	0
C1qb	0	0	0	1	0	0	0	0	0
C5ar1	0	0	0	1	0	0	0	1	0
Calhm6	0	0	0	0	0	0	0	0	1
Camk1	0	0	0	1	0	0	0	0	0
Cav1	0	0	0	1	0	0	0	0	0
Cavin1	0	0	0	1	0	0	0	0	0
Ccdc15	0	0	0	1	0	0	0	0	0
Ccdc34	0	1	0	0	0	0	0	0	0
Ccl9	0	0	0	1	0	0	0	0	0
Ccnf	0	0	0	1	0	0	0	0	0
Cd24a	0	0	0	1	0	0	0	0	0
Cd300lf	0	0	0	1	0	0	0	0	0
Cd53	0	0	0	1	0	0	0	0	0
Cd79b	0	0	0	0	0	0	1	0	0
Cdc42ep5	0	0	0	1	0	0	0	0	0
Cdk5rap1	0	0	0	0	0	0	1	0	0
Cdkn1a	0	0	0	0	0	0	0	1	0
Cebpb	0	0	0	0	0	0	0	1	1
Cep290	0	0	0	1	0	0	0	0	0
Cep85l	0	0	0	1	0	0	0	0	0
Cerkl	0	0	0	1	0	0	0	0	0
Cers6	0	0	0	1	0	0	0	0	0
Chac2	0	0	0	1	0	0	0	0	0
Chaf1a	0	0	0	1	0	0	0	0	0
Chrm3	0	0	0	1	0	0	0	0	0
Cib3	0	0	0	1	0	0	0	0	0
Ckb	0	0	0	0	0	0	0	1	0
Clec12a	0	0	0	1	0	0	0	0	0
Cops9	0	0	0	0	0	0	0	0	1
Cox7a2	0	0	0	1	0	0	0	0	0
Cpeb2	0	0	0	0	0	0	1	0	0
Crat	0	0	0	1	0	0	0	0	0
Crybg2	0	0	0	1	0	0	0	0	0
Cryl1	0	1	0	0	0	0	0	0	0
Csrp1	0	0	0	1	0	0	0	0	0
Ctif	0	0	0	1	0	0	0	0	0
Cyp1a2	0	0	0	0	0	0	0	0	1
Cyp2b10	0	0	0	1	0	0	0	0	0
D930048N14Rik	0	0	0	1	0	0	0	0	0
Dbp	0	0	0	0	0	0	1	0	0
Dcbld1	0	0	0	1	0	0	0	0	0
Dcun1d3	0	0	0	1	0	0	0	0	0
Ddit4	1	0	0	0	0	0	0	0	0
Depdc7	0	0	0	1	0	0	0	0	0
Dgkh	0	0	0	1	0	0	0	0	0
Dio1	0	0	0	1	0	0	0	0	0
Dnajc12	0	0	0	1	0	0	0	0	0
Dnmt3b	0	0	0	0	0	0	0	1	0
Dusp1	0	0	0	1	0	0	0	0	0
Dut	0	0	0	1	0	0	0	0	0
Dyrk1b	0	0	0	1	0	0	0	0	0
Eci2	0	0	0	1	0	0	0	0	0
Emilin2	0	0	0	1	0	0	0	0	0
Enc1	0	0	0	1	0	0	0	0	0
Eno3	0	0	0	1	0	0	0	0	0
Entpd1	0	0	0	0	0	0	1	0	0
Epha2	0	0	0	0	0	0	0	1	0
Esr1	0	0	0	0	0	0	1	0	0
Exoc3l4	0	0	0	1	0	0	0	0	0
Fabp2	0	0	0	0	0	0	1	0	0
Fabp5	0	0	0	1	0	0	0	0	0
Fam129b	0	0	0	1	0	0	0	1	0
Fam241a	0	0	0	0	0	0	0	0	1
Fan1	0	0	0	1	0	0	0	0	0
Fgg	0	1	0	0	0	0	0	0	0
Fkbp5	0	0	0	1	0	0	1	0	0
Flot2	1	0	0	0	0	0	0	0	0
Fn1	0	0	0	1	0	0	0	0	0
Fndc3b	0	0	0	1	0	0	0	1	0
Foxo1	0	0	0	0	0	0	1	0	0
Fpr1	0	0	0	0	0	0	1	0	0
Fuom	0	0	0	1	0	0	0	0	0
Gadd45g	0	0	0	0	0	0	0	1	0
Gas2	0	0	0	1	0	0	0	0	0
Gemin7	0	0	0	1	0	0	0	0	0
Gipc1	0	0	0	1	0	0	0	0	0
Glce	0	0	0	1	0	0	0	0	0
Gm10076	0	0	0	1	0	0	0	0	0
Gm10095	0	0	0	0	0	1	0	0	0
Gm10123	0	0	0	1	0	0	0	0	0
Gm10177	0	0	0	1	0	0	0	0	0
Gm10275	0	0	0	1	0	0	0	1	0
Gm10925	0	0	0	1	0	0	0	0	0
Gm12481	0	0	0	1	0	0	0	0	0
Gm13456	0	0	0	0	0	1	0	0	0
Gm13509	0	0	0	0	0	1	0	0	0
Gm13835	0	0	0	1	0	0	0	0	0
Gm14410	0	0	0	0	0	0	0	1	0
Gm14586	0	0	0	0	0	0	0	1	0
Gm14719	0	0	0	1	0	0	0	0	0
Gm1821	0	0	0	0	0	1	0	0	0
Gm20939	0	0	0	1	0	0	0	0	0
Gm21781	0	0	0	0	0	0	0	0	1
Gm23935	0	0	0	1	0	0	0	0	0
Gm28437	0	0	0	1	0	0	0	0	0
Gm28439	0	0	0	1	0	0	0	0	0
Gm28661	0	0	0	1	0	0	0	0	0
Gm29216	0	0	0	1	0	0	0	0	0
Gm38394	0	0	0	0	0	1	0	0	0
Gm43305	0	0	0	0	0	1	0	0	0
Gm43672	0	0	0	1	0	0	0	0	0
Gm45051	0	1	0	0	0	0	0	0	0
Gm4956	0	0	0	1	0	0	0	0	0
Gm5526	0	0	0	1	0	0	0	0	0
Gm5617	0	0	0	0	0	0	0	0	1
Gm7694	0	0	0	1	0	0	0	0	0
Gm8186	0	0	0	0	0	0	0	1	0
Gm9385	0	0	0	0	0	0	0	1	0
Gpx4-ps2	0	0	0	1	0	0	0	0	0
Gpx8	0	0	0	0	0	1	0	0	0
Gstm1	0	1	0	0	0	0	0	0	0
Gstp3	0	0	0	1	0	0	0	0	0
Gstt2	0	0	0	0	0	0	1	0	0
H2-Aa	0	0	0	1	0	0	0	0	0
H2-T24	0	0	0	0	0	0	1	0	0
Hectd1	0	0	0	1	0	0	0	0	0
Hes6	0	0	0	1	0	0	0	0	0
Hist1h1e	0	0	0	0	0	1	0	0	0
Hk3	0	0	0	1	0	0	0	0	0
Hopx	0	1	0	0	0	0	0	0	0
Hsd17b11	0	0	0	1	0	0	0	0	0
Hspa2	0	0	0	1	0	0	0	0	0
Ier3ip1	0	0	0	0	0	0	0	0	1
Ighm	0	0	0	0	0	0	1	0	0
Il13ra1	0	0	0	0	0	0	1	0	0
Il15	1	0	0	0	0	0	0	0	0
Il1rn	0	0	0	1	0	0	1	0	0
Il6ra	0	0	0	1	0	0	0	0	0
Insig1	0	0	0	1	0	0	0	0	0
Iqcb1	0	0	0	1	0	0	0	0	0
Iqgap2	0	0	0	1	0	0	0	0	0
Kantr	0	0	0	0	0	1	0	0	0
Kcnj8	0	0	0	1	0	0	0	0	0
Kctd17	0	0	0	0	0	0	0	1	0
Kif11	0	0	0	1	0	0	0	0	0
Kif20a	0	0	0	1	0	0	0	0	0
Klhl11	0	0	0	1	0	0	0	0	0
Klra2	0	0	0	1	0	0	0	0	0
Lag3	0	0	0	0	0	0	0	1	0
Lars2	0	0	0	1	0	0	0	0	0
Lbp	0	0	0	0	0	0	0	1	0
Lcor	0	0	0	0	0	0	1	0	0
Leng8	0	0	0	0	0	0	0	0	1
Lgals4	0	0	0	0	0	0	0	1	0
Litaf	0	0	0	0	0	0	0	1	0
Lrg1	0	0	0	0	0	0	0	1	0
Lrrc8b	0	0	0	0	0	0	0	1	0
Ltbp2	0	1	0	0	0	0	0	0	0
Ly6d	0	0	0	0	0	0	0	1	0
Lyz2	0	0	0	1	0	0	0	0	0
Lzts2	0	0	0	1	0	0	0	0	0
Mad2l1bp	0	0	0	1	0	0	0	0	0
Mafb	0	0	0	1	0	0	0	0	0
Maged2	0	0	0	1	0	0	0	0	0
Man2c1os	0	0	0	0	0	0	1	0	0
Mcm10	0	0	0	1	0	0	0	0	0
Met	0	0	0	1	0	0	0	0	0
Mgll	0	0	0	1	0	0	0	0	0
Mgst3	0	0	0	0	0	0	1	0	0
Mir6236	0	0	0	0	0	0	0	1	0
Mirt2	0	0	0	1	0	0	0	1	0
Ms4a6d	0	0	0	0	0	0	1	1	0
Ms4a8a	0	0	0	1	0	0	0	0	0
mt-Co1	0	0	0	0	0	1	0	0	0
mt-Nd3	0	0	0	1	0	0	0	0	0
mt-Rnr2	0	0	1	0	0	0	0	0	0
Mycl	0	0	0	0	0	0	0	1	0
Mylpf	0	0	0	1	0	0	0	0	0
n-R5-8s1	0	0	0	0	0	0	0	1	0
Ncoa4	0	0	0	1	0	0	1	0	0
Ndufa2	0	0	0	1	0	0	0	0	0
Ndufa5	0	0	0	0	0	0	0	0	1
Nek2	0	0	0	1	0	0	0	0	0
Neurl2	0	0	0	0	0	0	1	0	0
Nfatc2ip	0	0	0	0	0	0	0	1	0
Nfil3	0	0	0	0	0	0	0	1	0
Nlrp6	0	0	0	1	0	0	0	0	0
Nme1	0	0	0	1	0	0	0	0	0
Nr1d2	0	0	0	0	0	0	0	1	0
Ntan1	0	0	0	1	0	0	0	0	0
Nxpe2	0	0	0	1	0	0	0	0	0
Oas2	0	0	0	0	0	0	1	0	0
Oaz2	0	0	0	1	0	0	0	0	0
Olfm1	0	0	0	1	0	0	0	0	0
Paox	0	0	0	1	0	0	0	0	0
Pcsk4	0	0	0	0	0	0	0	1	0
Pde4c	0	0	0	1	0	0	0	0	0
Pdzk1ip1	0	0	0	1	0	0	0	0	0
Pea15a	0	0	0	1	0	0	0	0	0
Pid1	0	0	0	1	0	0	0	0	0
Pkdcc	0	0	0	1	0	0	0	0	0
Pkm	0	0	0	0	0	0	0	1	0
Plpp3	0	0	0	1	0	0	0	0	0
Pls1	0	0	0	1	0	0	0	1	0
Ppan	0	0	0	1	0	0	0	0	0
Prc1	0	0	0	1	0	0	0	0	0
Prelid2	0	0	0	1	0	0	0	0	0
Prg4	0	0	0	0	0	0	0	0	1
Ptar1	0	0	0	1	0	0	0	0	0
Ptgfrn	0	0	0	0	0	0	0	1	0
Ptpn13	0	0	0	0	0	1	0	0	0
Ptpn18	0	0	0	1	0	0	0	0	0
Pycrl	0	0	0	1	0	0	0	0	0
Pygb	0	1	0	0	0	0	0	0	0
Pygm	0	0	0	1	0	0	0	0	0
Rab27b	0	0	1	0	0	0	0	1	0
Rab3il1	0	0	0	1	0	0	0	0	0
Rai2	0	0	0	1	0	0	0	0	0
Raph1	0	0	0	1	0	0	0	0	1
Rec114	0	0	0	1	0	0	0	0	0
Retreg1	0	0	0	1	0	0	0	0	0
Rhobtb1	0	0	0	1	0	0	0	0	0
Rorc	0	0	0	0	0	0	0	1	0
Rpl22l1	0	0	0	0	0	0	0	0	1
Rpl30	0	0	0	1	0	0	0	0	0
Rpl38-ps2	0	0	0	1	0	0	0	0	0
Rps14	0	0	0	1	0	0	0	0	0
Rps27rt	0	0	0	1	0	0	0	0	0
Rps3	0	0	0	1	0	0	0	0	0
Rps3a3	0	0	1	0	0	0	0	0	0
Rrm2	0	0	0	1	0	0	0	0	0
Rsad2	0	0	0	1	0	0	0	0	0
Rtl8a	0	0	0	0	0	0	0	1	0
Rtl8b	0	0	0	0	0	0	0	1	0
Rusc2	0	0	0	1	0	0	0	0	0
S1pr3	0	0	0	1	0	0	0	0	0
Saa3	1	0	0	0	0	0	0	0	0
Scai	0	0	0	0	0	0	0	1	0
Sco2	0	0	0	0	0	0	0	0	1
Sdf2l1	0	0	0	1	0	0	0	1	0
Sec24d	0	0	0	1	0	0	0	0	0
Sec61g	0	0	0	1	0	0	0	0	0
Shld2	0	0	0	1	0	0	0	0	0
Slc16a5	0	0	0	1	0	0	0	0	0
Slc16a7	0	0	0	1	0	0	0	0	0
Slc22a23	0	0	0	1	0	0	0	0	0
Slc22a3	0	0	0	1	0	0	0	0	0
Slc25a29	0	0	0	0	0	0	0	1	0
Slc26a2	0	0	0	1	0	0	0	0	0
Slc26a6	0	0	0	0	0	0	1	0	0
Slc27a2	0	0	0	1	0	0	0	0	0
Slc6a9	0	0	0	1	0	0	0	0	0
Snord17	0	0	0	0	1	0	0	0	0
Snx32	0	0	0	0	0	0	0	0	1
Socs3	0	0	0	0	0	0	0	1	0
Sord	0	0	0	0	0	0	0	1	0
Sort1	0	0	0	0	0	0	0	1	0
Specc1	0	0	0	1	0	0	0	0	0
Spic	0	0	0	1	0	0	0	0	0
Src	0	0	0	0	0	0	0	1	0
Srp54a	0	0	0	0	0	0	0	1	0
Ssh3	0	0	0	0	0	0	0	0	1
St3gal5	0	0	0	1	0	0	1	0	0
Steap4	0	0	0	1	0	0	1	1	0
Stt3a	0	0	0	1	0	0	0	0	0
Sulf2	0	0	0	1	0	0	0	0	0
Svil	0	0	0	1	0	0	0	0	0
Sytl1	0	0	0	1	0	0	0	0	0
Tanc2	0	0	0	1	0	0	0	0	0
Tceal8	0	0	0	0	0	0	1	0	0
Tent5c	0	0	0	1	0	0	1	0	0
Tert	0	0	0	0	0	0	0	0	1
Thtpa	0	0	0	0	0	1	0	0	0
Tiam1	0	0	0	1	0	0	0	0	0
Tk1	0	0	0	1	0	0	0	0	0
Tlcd1	0	0	0	1	0	0	0	0	0
Tle2	0	0	0	1	0	0	0	0	0
Tlr13	0	0	0	1	0	0	1	0	0
Tlr2	0	0	0	0	0	0	1	0	0
Tlr5	0	0	0	1	0	0	0	0	0
Tmed10-ps	0	0	0	1	0	0	0	0	0
Tmem205	0	0	0	1	0	0	0	0	0
Tmem256	0	0	0	1	0	0	0	0	0
Tmem29	0	0	0	1	0	0	0	0	0
Tmem9	0	0	0	1	0	0	0	0	0
Tmsb4x	0	0	0	1	0	0	0	0	0
Tnfrsf19	0	0	0	1	0	0	0	0	0
Tnfrsf1a	0	0	0	0	0	0	0	1	0
Tnfrsf1b	0	0	0	1	0	0	0	0	0
Tnik	0	0	0	0	0	0	0	1	0
Tpm1	0	0	0	1	0	0	0	0	0
Trim5	0	0	0	0	1	0	0	0	0
Trpm2	0	0	0	0	0	0	1	0	0
Tspan3	0	1	0	0	0	0	0	0	0
Tspan9	0	0	0	1	0	0	0	0	0
Tspyl4	0	0	0	1	0	0	0	0	0
Ttbk1	0	0	0	1	0	0	0	0	0
Ttc39c	0	0	0	1	0	0	0	0	0
Tuba1a	0	0	0	1	0	0	0	0	0
Tubb2a	0	0	0	0	0	0	0	1	0
Tubb6	0	0	0	0	0	0	0	1	0
Tyrobp	0	0	0	1	0	0	0	0	0
Ube2s	0	0	0	1	0	0	0	0	0
Ung	0	0	0	0	0	0	0	1	0
Uprt	0	0	0	1	0	0	0	0	0
Usp2	0	0	0	1	0	0	0	0	0
Wbp1	0	0	0	1	0	0	0	0	0
Wfdc17	0	0	0	1	0	0	0	0	0
Xbp1	0	0	0	1	0	0	0	0	0
Zbtb20	0	0	0	1	0	0	0	0	0
Zc3h11a	0	0	0	0	0	1	0	0	0
Zfhx2	0	0	0	0	0	0	0	0	1
Zfp128	0	0	0	1	0	0	0	0	0
Zfp292	0	0	0	1	0	0	0	0	0
Zfp619	0	0	0	1	0	0	0	0	0
Zmym6	0	0	0	0	0	0	0	0	1
