Aylor_TCDD_Female_adult_blood	Aylor_TCDD_Female_adult_liver	Bartolomei_BPA10mg_Female_adult_blood	Bartolomei_BPA10mg_Female_adult_liver	Bartolomei_BPA10ug_Female_adult_blood	Bartolomei_BPA10ug_Female_adult_liver	Biswal_PM2.5_Female_adult_blood	Biswal_PM2.5_Female_adult_liver	Dolinoy_DEHP_Female_adult_blood	Dolinoy_DEHP_Female_adult_liver	Dolinoy_Pb_Female_adult_blood	Dolinoy_Pb_Female_adult_liver	Mutlu_PM2.5_Female_adult_blood	Mutlu_PM2.5_Female_adult_liver	Walker_TBT_Female_adult_blood	Walker_TBT_Female_adult_liver	Zhibin_As_Female_adult_blood	Zhibin_As_Female_adult_liver	Type
Zc3h6	-0.845218135692334	-1.10601189645484	0	0	0	0	-0.663224032678591	0	0	0	0	0	0	0	0	0.769451180723395	0	1.61452132733942	Aylor_TCDD_Female
Abcb1a	1.05687179217805	-1.1026947643123	-1.41626828848542	0	0	0	0.718621161872771	-0.704580840173946	0	0	0	0	0	0	-0.882685833130519	0	0	0	Aylor_TCDD_Female
Hsph1	0.758563749022518	0.934812476230006	-0.892992840815829	0	0	0	1.03443508138453	0	0	0	0	0	0.752615525595245	0	0	-0.585280736985775	0	-1.08078081849567	Aylor_TCDD_Female
St5	0.618251486210404	0.638006638985908	0	0	0	0.621963343187235	1.04632873493954	0	0	0	0	0	0	0	0	0	0	0	Aylor_TCDD_Female
Jdp2	0.758204109780676	0.738245227167104	0	0	-0.976454836670751	0	0	0	0	0	0	0	0	0.61398889883366	0	0	0	0	Aylor_TCDD_Female
Gbp8	0.941055045088233	0.593114783485633	-0.688822723187064	0	0	0	0	0	0	0	0	0	0	0	0	0	0	0.690369048861178	Aylor_TCDD_Female
Ppp1r3b	0.63842720314972	1.02763899872001	-0.802297561394192	0	-0.737336770576067	0	0	0	0	0	0	0	0	0	0	-0.722900498490424	0	0	Aylor_TCDD_Female
Rrm2	0.856572598844444	0.660309499089754	0	0	0	0	0	0	0	0	0	0	0	0	0	-0.886230381746189	0	0	Aylor_TCDD_Female
1500026H17Rik	0	0	-1.54311588592414	0.584979106256056	-2.06722280094257	0	2.35494054653629	0	0	0	0	-0.612522251505568	0	0	0	0	0	0	Bartolomei_BPA10mg_Female
Nlrp12	0	0.967612536848658	-0.841016668968481	0.587393361984912	-1.04088380337351	0	-1.22186294500393	0	0	0	0	0	0	-0.641613885633852	0	0	0	0.790084089197023	Bartolomei_BPA10mg_Female
Kcna2	0	0	-0.794582226886718	-0.863074611563642	0	0	0	0	0	0	0	0	0	0	0	0	0	1.25073564170868	Bartolomei_BPA10mg_Female
Zbtb20	0	0	0.762961283163378	-0.64189371433156	0	0	0	0	0	0	0	0	0	0	0.847849304614874	0	0	0	Bartolomei_BPA10mg_Female
Gm10076	0	0	0.852686377614895	0.697971864680153	0	0	0.720826609888448	0	1.13473210483013	0	1.23293938136986	0	0	0	0	0	0	0	Bartolomei_BPA10mg_Female
Rpl31-ps8	0	0	1.17029209370794	0.932700488951209	0	0	1.25527148679031	0	1.21538515896915	0	1.41094715381282	0	0	0	0	-0.63884275829173	0	0	Bartolomei_BPA10mg_Female
Rps27rt	0	0	1.14471136978534	0.858454102814682	0	0	1.17112296135849	0	1.22314544941075	0	1.16765322147019	0	0	0	0	-0.852820961080784	0.869745956702905	0	Bartolomei_BPA10mg_Female
Gm10443	0	0	1.53632635981843	1.10872822513404	0	0	0	0	0.874797636780773	0	1.36407442864163	0	0	0	0	-0.960780199110094	0	1.3183512574215	Bartolomei_BPA10mg_Female
Gm11478	0	0	0.910709967066025	0.763733322165567	0	0	0.596712202299954	0	0.834805338702886	0	1.13746757247947	0	0	0	0	-0.758143099319165	0	1.96982444026926	Bartolomei_BPA10mg_Female
Gm14303	0	0	1.50236737939403	1.70421207337607	0	0	0.596156291611314	0	0.892210837209365	0	1.21820994659929	0	0	0	-0.833061859062912	0	0	0.938527114842268	Bartolomei_BPA10mg_Female
Rps16-ps2	0	0	0.858456801122256	0.708524006042643	0	0	0.985563906140339	0	0.613942359685624	0	0.823515258276131	0	0	0	-0.864871317960502	0	0	1.26381979227867	Bartolomei_BPA10mg_Female
Gm9843	0	0	1.06834741575056	0.807658884772868	0	0	0.886923040267524	0	0.979501694373133	0	1.13301311609234	0	0	0	0	0	0.800269278447342	1.22849584805838	Bartolomei_BPA10mg_Female
Rpl38-ps2	0	0	0.901854406016185	1.10770685208326	0	0	0.953381421223348	0	0.81926906365146	0	0.951839449724623	0	0	0	0	0	0	0.832603795336255	Bartolomei_BPA10mg_Female
Epha2	0	0.958207225293008	2.09470168762713	0.649920506164257	0	0	0	0.855608022888357	0	0	0	0	0	0	0	0	0	0	Bartolomei_BPA10mg_Female
Plin2	0	0.687265492247945	0.686999157915802	0.67442865262671	0	0	0	1.02403826391753	0	0	0	0	0	0	0	0	0	0	Bartolomei_BPA10mg_Female
Rps3a2	-0.741637886989942	0	0.988353794946904	0.784063785869541	0	0	0	0	0	0	0	0	0	0	-1.19236431956067	0	0	1.1160866388611	Bartolomei_BPA10mg_Female
Rpl9-ps6	0	0	1.24962452193695	0.866569581121913	0	0	0.824137063167863	0	0	0	0	0	0	0	-0.619587275229042	-0.742676346179238	0	0.8088643827784	Bartolomei_BPA10mg_Female
Gm4149	0	0	1.43873299144137	1.0320030261356	0	0	0	0	0	0	0	0.593895037688797	0	0	0	-0.730962200653043	0	0.661881750954741	Bartolomei_BPA10mg_Female
Gm9385	0	0	1.08052008703104	0.732346867182607	0	0	0	0	0	0	0	0	0	0	0	-0.721666208028961	0	1.21000980050796	Bartolomei_BPA10mg_Female
Rpl19-ps11	0	0	0.669682871867158	0.587298223808594	0	0	0.67643087734983	0	0	0	0.835782216584617	0	0	0	0	0	0	0.881185174879566	Bartolomei_BPA10mg_Female
Gm10288	0	0	0.804080573554775	0.781687714831021	0	0	0	0	0	-0.658842816221021	0.75125339346252	0	0	0	0	0	0	0.850059589450526	Bartolomei_BPA10mg_Female
Rps24-ps3	0	0	0.805256880640416	0.865532000323094	0	0	0	0	0	0	0.703131214384372	0	0	0	0	0	0	1.28348665738569	Bartolomei_BPA10mg_Female
Gm6863	0	0	0.780393578214029	0.868039259706326	0	0	0.765016588579165	0	0	0	0	0	0	0	0	0	0	1.42692335085661	Bartolomei_BPA10mg_Female
Etfb	0	0	1.25029919511061	0.658092485591035	0	0	0	0	0	0	0	0	0	0	0	0	0	1.88832607571259	Bartolomei_BPA10mg_Female
Ndufb2	0	0	0.715735582608093	0.692057570215988	0	0	0	0	0	0	0	0	0	0	0	0	0	1.69294587778104	Bartolomei_BPA10mg_Female
Chkb	0	0	1.28530849457507	0.764534219487459	0	0	0	0	0	0	0	0	0	0	0	0	0	0.84051099123768	Bartolomei_BPA10mg_Female
Ndufb4	0	0	1.11845916100987	0.900294626150602	0	0	0	0	0	0	0	0	0	0	0	0	0	0.627643991605872	Bartolomei_BPA10mg_Female
Rpl37rt	0	0	1.15062073760625	0.646039820620148	0	0	0	0	0	0	0	0	0	0	0	0	0	1.19475349593902	Bartolomei_BPA10mg_Female
Ten1	0	0	0.82322374006038	0.656173643797329	0	0	0	0	0	0	0	0	0	0	0	0	0	0.919229546821132	Bartolomei_BPA10mg_Female
Rps10	0	0	1.77884789066455	0.825941609405667	0	0	0	0	0	0	0	0	0	0	0	0	0	0.774135792943354	Bartolomei_BPA10mg_Female
Snord104	0	0	1.56453750180278	0.761573280358547	0	0	0	0	0	0	0	0	0	-0.753891830571209	0	0	0	1.20717201876605	Bartolomei_BPA10mg_Female
Gm10275	0	0	0.632352971054004	0.692094684416815	0	0	0.700389779347536	0	0	0	0	0	0	0	-0.596374342980332	-0.620311923198926	0.771606727175059	0	Bartolomei_BPA10mg_Female
Rps13-ps2	0	0	1.23103549185631	1.29137681842444	0	0	1.1267153670844	0	0	0	0	0	0	0	-0.994539817224471	0	0.736704191349957	0.62832466480788	Bartolomei_BPA10mg_Female
Rpl36al	0	0	1.62610054372574	1.32859636340039	0	0	0	0	0	0	0	0	0	0	0	0	0	0	Bartolomei_BPA10mg_Female
Smco4	0	0	0.912464540950097	0.623589401970734	0	0	0	0	0	0	0	0	0	0	-0.658043739852721	0	0	0	Bartolomei_BPA10mg_Female
Pim3	0	0	0.683185243628236	0.751745355208905	0	0	0	0	0	0	0	0	0	0	0	0	0	0	Bartolomei_BPA10mg_Female
Rps21	0	0	1.20462884622731	0.624166894656757	0	0	0	0	0	0	0	0	0	0	0	0	0	0	Bartolomei_BPA10mg_Female
Tstd1	0	0	1.34178839555375	0.625258056873984	0	0	0	0	0	0	0	0	0	0	0	0	0	0	Bartolomei_BPA10mg_Female
Rpl39	0	0	0.960182199641664	0.603011173220419	0	-0.693087947991172	0	0	0	0	0	0	0	0	0	0	0.918450596710207	0	Bartolomei_BPA10mg_Female
Ndufb1-ps	0	0	0.808422393151587	0.736543861563064	0	0	0	0	0	0	0	0	0	0	0	0	0.828720614902848	0.622498429903529	Bartolomei_BPA10mg_Female
Smim27	0	0	1.10591744994719	0.778113839139908	0	0	0.597264840217493	0	0	0	0	0	0	0	0	0	0.915313467076435	0.831702417657122	Bartolomei_BPA10mg_Female
Chac1	0	0	0	0	-1.01693247918835	-0.71808893606366	-1.62667253724216	0	0	0	0	0	0	0	0	-0.990643959390708	0	-1.12824018331793	Bartolomei_BPA10ug_Female
Lcn2	0	0	0	0	-2.02869178442656	-2.0475360145441	-1.79480580597151	0	0	0	0	0	0	0	0	0	0	0	Bartolomei_BPA10ug_Female
Wfdc21	0	0	0	0	-2.08668471191262	-0.854673275494865	-1.01879392762867	0.833906640322618	0	0	0	0	0	0	0	0	0	0.692184447692088	Bartolomei_BPA10ug_Female
Lst1	0	0	0	0	-0.857639632983863	-0.730730625419465	0	0	0	0	0	0	0	0	0	0	0.65622329158304	0	Bartolomei_BPA10ug_Female
Fpr1	0	0	0	0	-0.969584649836027	-1.02704394415935	0	0	0	0	0	0	0	0	0	0	0	0	Bartolomei_BPA10ug_Female
Hp	0	0	0	0	-1.03088290324069	-0.695702332712785	0	0	0	0	0	0	0	0	0	0	0	0	Bartolomei_BPA10ug_Female
Tspo	0	0	0	0	-0.765220949518598	-0.810030358946577	1.28214150833913	0	0	0	0	0	0	0	0	0	0.639580486764564	0	Bartolomei_BPA10ug_Female
Tst	0	0	0	0	-1.05194773468517	-0.707885331763139	0.822861232400221	0	0	0	0	0	0	0	0	0	0	0	Bartolomei_BPA10ug_Female
Extl1	0	0	0.917125520244352	0	1.06481683157261	-1.03648472561321	-0.950505428719842	1.10198450324244	0	0	0	0	0	0	0	0	0	0	Bartolomei_BPA10ug_Female
Fam213b	0	0	1.25764039978199	0	0.70474110867006	-0.797332283539374	0	-0.638381956015213	0	0	0	0	0	0	0	0	0.712478049073463	0	Bartolomei_BPA10ug_Female
Rassf4	0	0	1.1033387277418	0	0.921611414747914	-0.67425153275718	0	0	0	-0.891120436397403	0	0	0	0	0.636640301846578	0	0	0	Bartolomei_BPA10ug_Female
Dhrs9	0	0	-2.10019344823829	0	-1.3336103509142	1.32832230322109	-1.70743537590572	0	0	1.86766435247572	0	0	0	0.795987771382479	0	0	0	-0.993963050238306	Bartolomei_BPA10ug_Female
Esam	0	0	-2.793210261336	0	-2.38284708004615	-0.612291015315612	2.76335918876464	0	0	0	0	0	0	0	0	0	0	0	Bartolomei_BPA10ug_Female
Cald1	0	0	-1.41135044929745	0	-1.6600758716191	0.616911584733856	2.75461241918997	0	0	0	0	0	0	0	0	0	0	0	Bartolomei_BPA10ug_Female
Serpine2	0	0	-1.28051546975299	0	-1.13432212671212	1.07136361753964	2.70087551767061	-0.75716472914996	0	0	0	0	0	0	0	0	0	-1.03231465832266	Bartolomei_BPA10ug_Female
mt-Tm	0	0	0	0	-1.57935023441622	1.02677630577076	1.45707811055877	0	0	0	0	0	0	0	2.15070117955697	0.918138707399225	0	0	Bartolomei_BPA10ug_Female
Gm28439	0	0	-1.15231318019852	0	-1.23751766767906	1.46290258787221	2.35171328408053	0.705472377052128	0	0	0	0	0	0	0	0	0	1.25026900480832	Bartolomei_BPA10ug_Female
Gm13340	0	0	0	0	-0.939994139505637	0.77608538069311	1.76855728907959	0.631023113970181	0	0	0	0	0	0	0.85029044904952	0	0	0.924780065377001	Bartolomei_BPA10ug_Female
Gm13341	0	0	0	0	-1.25300036832076	0.758594899450803	1.62543659852328	0.690792671309417	0	0	0	0.691493606134632	0	0	0	-1.01035668340502	0	0.899147683040738	Bartolomei_BPA10ug_Female
Serpina3k	0	0.712261879685297	0	0	-2.64829632613256	0	-2.22317831932059	0.848529783879269	0	0	0	0	0	0	0	-0.859830086297761	0	0	Biswal_PM2.5_Female
Wfdc21.1	0	0	0	0	-2.08668471191262	-0.854673275494865	-1.01879392762867	0.833906640322618	0	0	0	0	0	0	0	0	0	0.692184447692088	Biswal_PM2.5_Female
Ect2	0	0	-1.37094956401354	0	0	1.33133143000724	-0.990384255849073	-0.913235574066385	0	0	0	0	0	0	0	0	0	0	Biswal_PM2.5_Female
Maged1	0	0	0	0	0	0	-1.42459661291494	-0.645408834236104	0	0	0	0	0	0	-1.09585566278557	0	0	-0.662463201537954	Biswal_PM2.5_Female
Slc7a2	0	-0.592830377654548	0	0	0	0	-2.20985400761175	-0.663794032146546	0	0	0	0	0	0	0	0	0	0	Biswal_PM2.5_Female
H2-Eb1	0	0	0.839285170224402	0	0.630316691692719	0	-0.931804742802471	-0.586706964363998	0	0	0	0.838289176632049	0	0	0	0.639620013165202	0	0	Biswal_PM2.5_Female
Myo1e	0	0	0	0	0	0	-0.872782069717963	-0.889704090382959	0	0	0	0	0	0	0	0	0	0	Biswal_PM2.5_Female
Adh1	0	0	0	0	0	0	-1.26736934804842	-0.626374608101711	0	0	0	0	0	0	0	0	0	0	Biswal_PM2.5_Female
Serpina3f	0	0	0	0	0	0	-1.41316912837147	-0.648085946763715	0	0	0	0	0	0	0	0	0	0	Biswal_PM2.5_Female
Cbarp	0	0	0.717783581763343	0	0	0	-0.656695183135926	-0.661785159671143	0	0	0	0	0	0	0	0	0	0	Biswal_PM2.5_Female
Scaper	0	0	0.728663848376331	0	0	0	-0.977600821566027	-0.622211613729709	0	0	0	0	0	0	0.5867153528147	0	0	0	Biswal_PM2.5_Female
Cd74	0	0	0.641518294946115	0	0	0	-0.945818783368021	-0.675115076354573	0	0	0	0.720167100342223	0	0	0	0	0	-0.983711950889732	Biswal_PM2.5_Female
Arhgap24	0	0	0	0	0	0	-0.612853457958654	-0.591420940417376	0	0	0	0	0	0.636727997719948	0	0	0	-0.682649893495707	Biswal_PM2.5_Female
Ephx1	0	0	0	0	0	0	-0.796939617856242	-0.896135005541649	0	0	0	0	0	0	0	0.721027227555656	0	-0.785139752846569	Biswal_PM2.5_Female
Cerkl	0	0	0	0.663079773779765	0	0	-1.39728115513137	1.17250950507665	0	0	0	0	0	0	0	0	0	1.51120234510873	Biswal_PM2.5_Female
Bhlhb9	0	0	-0.715082975558002	0	0	0	-1.22251054530023	0.738481577832297	0	0	0	0	0	0	0	0	0	1.03104976368093	Biswal_PM2.5_Female
Rsad1	0	0	0	0	0	0	-0.641454722598404	0.633085343520103	0	0	0	0	0	0	0	0	0	0.801952446415472	Biswal_PM2.5_Female
Extl1.1	0	0	0.917125520244352	0	1.06481683157261	-1.03648472561321	-0.950505428719842	1.10198450324244	0	0	0	0	0	0	0	0	0	0	Biswal_PM2.5_Female
Sspn	0	0	0.836574756669579	0	0.79181586304304	0	-1.36009262560936	0.631416990650266	0	0	0	-0.901784302001057	0	0	0	0	0	0	Biswal_PM2.5_Female
Cd24a	0	0	0	0	0	0	-0.849186671227768	0.61412672512767	0	0	0	0	0	0	0.591458661617376	0.684998218737504	0	-0.887116903305393	Biswal_PM2.5_Female
Cd36	0	0	0	0	0	0	-0.737561582227882	0.822143557864638	0	0	0	0	0	0	0.75175771853929	0.878889337042499	0	0	Biswal_PM2.5_Female
Syvn1	0	0.62639672521913	0	0	0	0	-0.733256625338463	0.729940928820587	0	0	0	0	0	-0.65052857475067	0	0	0	-0.660254746967984	Biswal_PM2.5_Female
1810055G02Rik	0	0.742336708934484	0	0	0	0	-1.11814656814046	0.959860691148863	0	0	0	0	0	0	0	0	0	0	Biswal_PM2.5_Female
Rab30	0	0.83603417929348	0	0	0	0	-0.720023741557578	1.02141864164632	0	0	0	0	0	0	0	0	0	0	Biswal_PM2.5_Female
AU041133	0	0	-0.822679294580804	0	0	0	-1.14905862845008	0.766636603617566	0	0	0	0	0	0	0	0	0	0	Biswal_PM2.5_Female
Fdps	0	0	0	0	0	0	-0.870726944019392	0.659024833318521	0	0	0	0	0	0	0	-0.769355114205744	0	0	Biswal_PM2.5_Female
Lynx1	0	0	0	0	0	0	-1.11736735762976	0.694014024342323	0	0	0	0	0	0	0	0	0	0	Biswal_PM2.5_Female
Nme6	0	0	0	0	0	0	-0.823604104839318	0.759786390377286	0	0	0	0	0	0	0	0	0	0	Biswal_PM2.5_Female
Serpinb1a	0	0	0	0	0	0	-0.611862195654521	0.709456513106703	0	0	0	0	0	0	0	0	0	0	Biswal_PM2.5_Female
Ly6d	0	0	0.838679003251086	0	0	0	-1.25385765558016	1.52758493804943	0	0	0	1.56181926311466	0	0	-0.64999787550983	1.50794919608602	0	0	Biswal_PM2.5_Female
Dntt	0	0	0	0	0	0	-1.38028929146126	1.55556843055118	0	0	0	0	0	0	-2.45878696644731	0	0	0	Biswal_PM2.5_Female
Smpd3	0	0	0	0	0	0	-0.904590871995907	1.18528542862488	0	0	0	0	0	0.727222346807892	-1.34944008329149	1.37576790822933	0	0	Biswal_PM2.5_Female
Hist1h4h	0	0	-1.35332932625888	0	-1.93203786154529	0	2.82423478285624	0.697878667572884	0	0	0	0	0	0	0	0	1.04597407358358	0	Biswal_PM2.5_Female
Ndrg1	0	0.735461488709351	-2.23727736857827	0	-1.87194399224646	0	2.40623608421852	-0.609465510963868	0	0	0	0	0	0	0	-0.869884623894689	0	0	Biswal_PM2.5_Female
Arhgap18	0	0	-1.94873256159972	0	-1.3185240765911	0	2.04697078534926	-0.910686227325747	0	0	0	0	0	0	0	0	0	0	Biswal_PM2.5_Female
Cd9	0	0	-2.13838019154755	0	-1.74764482572617	0	2.35107724739547	-0.651569823611082	0	0	0	0	0	0	0	0	0	-0.895676526817626	Biswal_PM2.5_Female
Ociad2	0	0	-1.68771652748334	0	-1.60080282374952	0	4.19163267676348	-0.768430355971919	0	0	0	0	0	0	0	0.62410177657618	0	0	Biswal_PM2.5_Female
Serpine2.1	0	0	-1.28051546975299	0	-1.13432212671212	1.07136361753964	2.70087551767061	-0.75716472914996	0	0	0	0	0	0	0	0	0	-1.03231465832266	Biswal_PM2.5_Female
2310034O05Rik	0	-1.32404789151149	-2.52950744882613	0	-2.29414905508857	0	3.25890421503679	0.960088233400184	0	0	0	0	0	0	0.897635353794818	0	0	0	Biswal_PM2.5_Female
Cyp2b10	0	0	-2.80553558162763	0	-2.22202856094425	0	2.96503922673539	-1.34670118098933	0	0	0	0	0	0	0	0	0	0	Biswal_PM2.5_Female
Mest	0	0	-3.87909337466801	0	-2.23683586678031	0	2.98845613093068	-0.591477879456634	0	0	0	0	0	0	0	0	0	0	Biswal_PM2.5_Female
Clu	0	0	-3.42540734163746	0	-2.63767072594811	0	2.5673470309501	-0.701670833432468	0	0	0	0	0	0	0	0	0	-0.771412292558574	Biswal_PM2.5_Female
Rai2	0	0	-3.05149064878153	0	-2.22709662910546	0	3.18835497340539	-0.695057466564268	0	0	0	0	0	0	0	0	0	-0.693861317680881	Biswal_PM2.5_Female
Lgalsl	0	1.12123761634219	-2.8869459398505	0	-2.0991008251895	0	2.97409602718727	0.664944058832627	0	0	0	0	0	0	0	0	0	0.651405306771984	Biswal_PM2.5_Female
Angpt1	0	0	-3.51035613521021	0	-2.00075092406265	0	3.20803569622162	0.681360167115079	0	0	0	0	0	0	0	0	0	0	Biswal_PM2.5_Female
Tsc22d1	0	0	-3.21083989971532	0	-2.17832829171407	0	2.51029395881823	0.744100381084302	0	0	0	0	0	0	0	0	0	0	Biswal_PM2.5_Female
AA986860	0	0	-1.70158998578688	0	-1.04566017307025	0	1.62579870209264	-1.13344995123274	0	0	0	0	0	0	0	-1.2519825849563	0	0	Biswal_PM2.5_Female
Fmo5	0	0	-1.07881127241849	0	-0.755646287315014	0	1.33122911510865	-0.62943858539725	0	0	0	0	0	0	0	0	0	0	Biswal_PM2.5_Female
Pecam1	0	0	-1.31755107312391	0	-0.850407343476337	0	1.01959640349273	-0.595378803854381	0	0	0	0	0	0	0	0	0	0	Biswal_PM2.5_Female
Abcb1a.1	1.05687179217805	-1.1026947643123	-1.41626828848542	0	0	0	0.718621161872771	-0.704580840173946	0	0	0	0	0	0	-0.882685833130519	0	0	0	Biswal_PM2.5_Female
Gclc	0	0	-0.857343153999099	0	0	0	0.684756071716848	-0.78793634138182	0	0	0	0	0	0.638550955162261	0	0	0	-1.17060090736787	Biswal_PM2.5_Female
Alox5ap	0	0	0	0	-0.889173597024759	0	0.637203049672583	-0.625037025656449	0	-0.731792474630636	0	0	0	0	0	0	0	0	Biswal_PM2.5_Female
Gm17586	0	0	0	0	-0.96083383387536	0	1.30090434207552	-0.587340863635578	0	0	0	0	0	0	0	0	0	0	Biswal_PM2.5_Female
Mif	0	0	0	0	-0.661976248873398	0	0.753510935492123	-0.668185470894801	0	0	0	0	0	0	0	0	0	0	Biswal_PM2.5_Female
Tanc2	0	0	0	0	0	0	1.07006060396491	-0.674217690466801	0	0	0	0	0	0	0.662139541238917	0	0	0	Biswal_PM2.5_Female
Chek2	0	0	0	0	0	0	1.10748517316425	-0.606382856357141	0	0	0	0	0	0	0	0	0	-0.676758332628734	Biswal_PM2.5_Female
Gstp1	0	0	0	0	0	0	0.590271547568471	-0.793268895156032	0	0	0	0	0	0	0	0	0	-0.613950785650713	Biswal_PM2.5_Female
Cyb5a	0	0	-1.08105299802238	0	-1.37849180484202	0	1.83356646521741	0.597068534600679	0	0	0	0	0	0	0	0	0	0	Biswal_PM2.5_Female
Tlr12	0	0	-1.03089606393516	0	-0.856933569127319	0	0.787764404678435	0.711697734100964	0	0	0	0	0	0	0	0.799096321068539	0	0	Biswal_PM2.5_Female
Neb	0	0	-1.85551243797744	0	-0.982582045835826	0	1.06500969916868	0.948493849397365	0	0	0	0	0	0	0	0	0	0	Biswal_PM2.5_Female
Pygm	0	0	-1.14642479032457	0	-0.948444623567145	0	0.94850184316559	1.60519173247695	0	0	0	0	0	0	0	0	0	0	Biswal_PM2.5_Female
Gm28439.1	0	0	-1.15231318019852	0	-1.23751766767906	1.46290258787221	2.35171328408053	0.705472377052128	0	0	0	0	0	0	0	0	0	1.25026900480832	Biswal_PM2.5_Female
Myom1	0	0	-2.18082780402318	0	-1.52206743717348	0	2.26441622152932	1.32770918223215	0	0	0	0	0	0	0	0	0	1.42798818154625	Biswal_PM2.5_Female
Gm43672	0	0	-1.01397099458632	0	-1.31153849608036	0	1.81472540030454	0.842927997971372	0	0	0	0	0	0	0	0	0.659928077969015	1.42974993005938	Biswal_PM2.5_Female
Cuedc1	0	0	-0.99324777878298	0	-1.38990385935447	0	1.82888158321985	0.662425083527136	0	0	0	0	0	0	0	0	0	0.710099899799184	Biswal_PM2.5_Female
Tnnt1	0	0	-1.17288580493705	0	-1.73165568876445	0	1.69166950507843	0.849070673980604	0	0	0	0	0	0	0	0	0	1.18987649057995	Biswal_PM2.5_Female
Gm29216	0	0	0	0.861339316225845	0	0.950938047113199	2.19118754671496	0.694039213702625	0	0	0	0	0	0	0.932140375852523	-0.586254852453285	0	1.27638268396087	Biswal_PM2.5_Female
Gm28661	0	0	0	1.05843188313969	0	1.01600880059097	2.32530005820139	0.752383508562601	0	0	0	0.631357542263462	0	0	0	-0.694284414736888	0	0.729427136494019	Biswal_PM2.5_Female
Gm10925	0	0	0	0.925724391908134	0	1.37373509951397	2.24201793444432	0.699015884910343	0	0	0	0	0	0	0	0	0	0.893584182884191	Biswal_PM2.5_Female
Gm28437	0	0	0	1.22748437984093	0	0.63176707645432	2.30057808859227	0.844563659464227	0	0	0	0	0	0	0	0	0	0.720931760010419	Biswal_PM2.5_Female
mt-Co3	0	0	0	0	0	0	1.68758856771133	0.608982941179349	0	0	0	0.956018241769632	0	0	0	0	0	1.04697933611342	Biswal_PM2.5_Female
Gm13340.1	0	0	0	0	-0.939994139505637	0.77608538069311	1.76855728907959	0.631023113970181	0	0	0	0	0	0	0.85029044904952	0	0	0.924780065377001	Biswal_PM2.5_Female
Gm13341.1	0	0	0	0	-1.25300036832076	0.758594899450803	1.62543659852328	0.690792671309417	0	0	0	0.691493606134632	0	0	0	-1.01035668340502	0	0.899147683040738	Biswal_PM2.5_Female
2410022M11Rik	0	0	0	0	0	0	0.64752463851472	0.596441511673809	0	0	0	0	0	0	-0.633456324110723	0	1.25944305011557	1.01396350784635	Biswal_PM2.5_Female
Mylpf	0	0	0	0	0	0	1.01735974346044	2.37625755142382	0	0	0	0	0	0	0	0	0	0	Biswal_PM2.5_Female
Ifit1	0	0	-0.986778852474198	0	0	0	0.839808951466151	1.01294426033961	0	0	0	0	0	0	0.827616311751877	0.763902364364583	0	0	Biswal_PM2.5_Female
S100a10	0	0	0	0	-0.611747212170328	0	1.20942015157096	0.730304222830148	0	0	0	0.637297493261523	0	0	0	0	0	0	Biswal_PM2.5_Female
Golph3l	0	0	0	0	0	0	0.704917417699821	0.746122465124691	0	0	0	0	0	0	0	0	0	-0.796785170926044	Biswal_PM2.5_Female
Tnfaip8l1	0	0.663159961592219	0	0	0	0	0.782538436468292	0.97359965041426	0	0	0	0	0	0	0	0	0	0	Biswal_PM2.5_Female
Mpc1-ps	0	0	0	0	0	0	0.636841392049645	0.587785993124725	0	0	0	0	0	0	0	0	0	0	Biswal_PM2.5_Female
Rtn4	0	0	0	0	0	0	0.886590444296092	0.585644564751135	0	0	0	0	0	0	0	0	0	0	Biswal_PM2.5_Female
Acyp2	0	0	0	0	0	0	0.99207840155699	0.683059164515471	0	0	0	0	0	0	0	0	0	0	Biswal_PM2.5_Female
Zfp937	0	0	0	0	0	0	0.979154842708604	0.702205392021687	0	0	0	0	0	0	0	0	0	0	Biswal_PM2.5_Female
Anxa11	0	0	0	0	0	0	0	0	0	0	-0.585594330086294	0.591961901142917	0	0	0	0	0	-0.657251917159176	Dolinoy_Pb_Female
Gpam	0	0	-0.822419305936961	0	0	0	0	0	0	0.83556600524691	-0.600080575082468	0.734168563832671	0	0.857799890784347	0	0	0	0	Dolinoy_Pb_Female
Gm15427	0	0	0.593712231516676	0	0	0	0.637470104620349	0	0.708784120254814	0	0.80278113384139	0.691251971603553	0	0	0	0	0	0.686650058831534	Dolinoy_Pb_Female
Gm12481	0	0	0	0	0	0	2.18049349469238	0	0.628635620167856	0	0.730896549393508	0.62568960397937	0	0	0	0	0	0	Dolinoy_Pb_Female
Gpx4-ps2	0	0	0	0	-1.29329356412772	0	2.50807097157922	0	0.718858375792157	0	0.781164721296453	0.62788198662838	0	0	0	0	0.640412505911177	0.614808927661981	Dolinoy_Pb_Female
Hspa1b	0	1.65703247358598	0	0	0	0	0	-0.598705921303317	0	0	0	0	1.65890825843688	0.796516948354491	0	-0.8041884858147	0	0	Mutlu_PM2.5_Female
Scand1	0	0	1.02698393764771	0	0	0	0	0	0	0	0	0	0.72663807623679	0.842539480567895	0	0	0	0	Mutlu_PM2.5_Female
mt-Nd2	0	0	0	0	0	0	0.597849636788141	0	0	0	0	0	0	0	1.97669821983642	0.785261071932248	0	0	Walker_TBT_Female
mt-Nd5	0	0	0	0	0	0	0	0	0	0	0	0	0	0	1.76495605294221	0.761567320834442	0	0.775199946843653	Walker_TBT_Female
Ifit1.1	0	0	-0.986778852474198	0	0	0	0.839808951466151	1.01294426033961	0	0	0	0	0	0	0.827616311751877	0.763902364364583	0	0	Walker_TBT_Female
Zfp971	0	0	-1.22925809420179	0	0	0	0	0	0	0	0	0	0	0	0.769978398461601	0.754833529893408	0	1.31417702355222	Walker_TBT_Female
Col5a3	-1.28081048154698	0	0	0	0	0	-1.32104617478933	0	0	0	0	0	0	0	1.31933281193764	0.784232733392542	0	0.753509821318298	Walker_TBT_Female
Ccr2	0	0	0	0	0	0	0	0	0	0	0	0	0	0	0.710751170985408	0.774078517341793	1.21377040679512	-0.774140468588245	Walker_TBT_Female
Cd180	0	0	0	0	0	0	0	0	0	0	0	0	0	0	0.738140565440873	0.615006099327565	0	-1.27829164205571	Walker_TBT_Female
Fus	0	0	0	0	0	0	0	0.662222136840521	0	0	0	0	0	0	0.823843218689805	0.64697573246065	0	0	Walker_TBT_Female
Cdk6	0	0	0	0	0	0	0	0	0	0	0	0	0	0	0.599037460532363	0.624412680647997	0	0	Walker_TBT_Female
mt-Nd1	0	0	0	0	0	0	0	0	0	0	0	0	0	0	1.18824408148894	0.641256277869547	0	0	Walker_TBT_Female
Cd24a.1	0	0	0	0	0	0	-0.849186671227768	0.61412672512767	0	0	0	0	0	0	0.591458661617376	0.684998218737504	0	-0.887116903305393	Walker_TBT_Female
Cd36.1	0	0	0	0	0	0	-0.737561582227882	0.822143557864638	0	0	0	0	0	0	0.75175771853929	0.878889337042499	0	0	Walker_TBT_Female
Gm29216.1	0	0	0	0.861339316225845	0	0.950938047113199	2.19118754671496	0.694039213702625	0	0	0	0	0	0	0.932140375852523	-0.586254852453285	0	1.27638268396087	Walker_TBT_Female
mt-Tm.1	0	0	0	0	-1.57935023441622	1.02677630577076	1.45707811055877	0	0	0	0	0	0	0	2.15070117955697	0.918138707399225	0	0	Walker_TBT_Female
Crispld2	0	0	0	0	-2.13152554773543	0	0	0	0	0	0	0	0	0	-1.62034249590332	0.669482462321598	0	-1.00114677770253	Walker_TBT_Female
Plxdc2	0	0	0	0	0	0	-1.87290891165654	0	0	0	0	0	0	0	-1.52509062102051	0.729331347256994	0	-1.41585806588308	Walker_TBT_Female
Ly6d.1	0	0	0.838679003251086	0	0	0	-1.25385765558016	1.52758493804943	0	0	0	1.56181926311466	0	0	-0.64999787550983	1.50794919608602	0	0	Walker_TBT_Female
Slpi	0	0	1.89530615793989	0	0	0	0	0	0	0	0	0	0	0	-1.00079893180071	1.06497392133869	0	0	Walker_TBT_Female
Lgals1	0	0	0.736206514886014	0	0	0	0	0	0	0	0	0	0	0	-0.675037335493658	0.861876550614597	0	0	Walker_TBT_Female
Vim	0	0	0.986807000426151	0	0	0	0	0	0	0	0	0	0	0	-0.668444456078927	0.648890279925428	0	0	Walker_TBT_Female
Smpd3.1	0	0	0	0	0	0	-0.904590871995907	1.18528542862488	0	0	0	0	0	0.727222346807892	-1.34944008329149	1.37576790822933	0	0	Walker_TBT_Female
Nme4	0	0	0	0	0	0	-1.02640627296376	0	0	0	0	0	0	0	-1.78461431000818	0.75912635835551	0	0	Walker_TBT_Female
Tnfrsf19	0	0	0	0	0	0	-1.61320658382908	0	0	0	0	0	0	0	-1.00744188656542	1.03809750180829	0	0	Walker_TBT_Female
Epcam	0	0	0	0	0	0	0	0	0	0	0	0	0	0	-0.871377817169339	1.05329523595283	0	-1.47073398500505	Walker_TBT_Female
Mterf2	0	0	0	0	0	0	0	0.968911209988439	0	0	0	0	0	0	-0.629754872377554	0.760676769176421	0	0	Walker_TBT_Female
Prelid2	0	0	0	0	0	0	0	0	0	0	0	0	0	0	-1.16174223355393	0.681205197417712	0	0	Walker_TBT_Female
Slc5a6	0	-0.826459354709359	0	0	0	0	0	0	0	0	0	0	0	0	-1.13917669714765	0.801695317948937	0	0	Walker_TBT_Female
n-R5-8s1	0	0	0	0	-1.5596545582882	0	0	0	0	0	0	0	0	-1.80981539453473	-2.53312744786618	-1.82526478279335	0	0	Walker_TBT_Female
Klhdc8b	0	0	0.892450202402082	0	0	0	0	0	0	0	0	0	0	0	-0.729970394518428	0.624967150286506	0	1.42273748397728	Walker_TBT_Female
Gm3699	0	0	1.19015107177295	0	0	0	0	0	0	0	0	0.7216945139052	0	0	-0.627790920885	-0.696045974643015	0	0.98045796991116	Walker_TBT_Female
Rpl24	0	0	1.18475951084738	0	0	0	0	0	0	0	0	0	0	0	-0.897102917896015	-0.763991030889408	0	2.00426651559909	Walker_TBT_Female
Gm15772	0	0	0	0	0	0	0.751650044883266	0	0	0	0	0	0	0	-1.53400985326914	-0.815132311073864	0.874835326496947	0.947664140523052	Walker_TBT_Female
Gm4332	0	0	0.759199197219447	0	0	0	0	0	0	0	0	0	0	0	-1.23558376729648	-0.756665083319246	0.649827639723798	1.01758673442126	Walker_TBT_Female
Gm10275.1	0	0	0.632352971054004	0.692094684416815	0	0	0.700389779347536	0	0	0	0	0	0	0	-0.596374342980332	-0.620311923198926	0.771606727175059	0	Walker_TBT_Female
Rpl9-ps6.1	0	0	1.24962452193695	0.866569581121913	0	0	0.824137063167863	0	0	0	0	0	0	0	-0.619587275229042	-0.742676346179238	0	0.8088643827784	Walker_TBT_Female
Gm10123	0	0	0	0	0	0	1.51118844686529	0	0	0	0	0	0	0	-1.19895543442912	-0.643550375715243	0.716284684433473	-0.912310081812165	Walker_TBT_Female
4930579G24Rik	0	0	0	0	0	0	-0.766629866387016	0	0	0	0	-1.30512410850066	0	0	-0.675952326886444	-1.04255592096676	0.585233987640413	0	Walker_TBT_Female
Slc25a29	0	0	0	0	0	0	0	0	0	0	0	0	0	-0.654540458963897	-1.26867404783716	-0.713076735426429	0.682691924323362	0	Walker_TBT_Female
Phpt1	0	0	1.0025491733159	0	0	0	0	0	0	0	0	0	0	0	-1.23506382412769	-0.647181421402683	0	0	Walker_TBT_Female
Rpl3-ps1	0	0	0.641028889183658	0	0	0	0	0	0	0	0	0	0	0	-1.22588191174978	-0.680925420265297	0	0	Walker_TBT_Female
Mfsd13a	0	0	0	0	0	0	0	0	0	0.591038006420092	0	0	0	0	-0.867313947198757	-0.630879752686454	0	-0.931789668910895	Walker_TBT_Female
Tspyl4	0	0	0	0	0	0	0	0.839751542707245	0	0	0	0	0	0	-0.683669088770833	-0.831917714771578	0	0	Walker_TBT_Female
Ada	0	0	0	0	0	0	0	0	0	0	0	0	0	0	-0.624115935510224	-0.615585678816487	0	0	Walker_TBT_Female
Zfp689	0	0	0	0	0	0	0	0	0	0	0	0	0	0	-0.763105798311994	-0.711120775185611	0	0	Walker_TBT_Female
Gm15459	0	0.828810622836093	0	0	0	-0.686168404668889	0	0	0	0	0	0	0	0	-0.949604469231905	-0.609366617944598	-1.14030331711656	0	Walker_TBT_Female
Nxpe2	0	0	0	0	0	0	0	0	0	0	0	0	0	0	0.629314398701993	-0.781514202965869	0	0	Walker_TBT_Female
Vcp-rs	0	0	0	0	0	0	1.12666223362293	0	0	0	0	0	0	0	0.752940255451633	-0.720301792672682	0	0	Walker_TBT_Female
Hist1h1c	0	0	-2.02476372964084	0	-1.76385513661232	0	2.38164537921348	0	0	0	0	0	0	0	0	0	1.09316059375005	-0.789261956419963	Zhibin_As_Female
Nol4l	0	0	-1.75372113745096	0	-1.38915173247105	0	1.86828254091354	0	0	0	0	0	0	0	0	0	-0.613550898920902	-0.891435222196662	Zhibin_As_Female
Gpx4-ps2.1	0	0	0	0	-1.29329356412772	0	2.50807097157922	0	0.718858375792157	0	0.781164721296453	0.62788198662838	0	0	0	0	0.640412505911177	0.614808927661981	Zhibin_As_Female
Pdzk1ip1	0	0	-1.67845615907414	0	-1.56085130362981	0	3.14275053247716	0	0	0	0	0	0	0	0	-0.888358346552301	0.912294809287758	1.69663712929609	Zhibin_As_Female
Gm43672.1	0	0	-1.01397099458632	0	-1.31153849608036	0	1.81472540030454	0.842927997971372	0	0	0	0	0	0	0	0	0.659928077969015	1.42974993005938	Zhibin_As_Female
Gm45716	0	0	-1.61179226270461	0	-1.38124396527703	0	2.04065821001833	0	0	0	0	0	0	0	0	0	1.13307713635669	0.924483741801534	Zhibin_As_Female
Gm47283	0	0	1.48875970077912	0	0	0	0	0	0	0	0	0	0	0	-1.04949522318938	0	-0.928840361365728	0.857940505719124	Zhibin_As_Female
Zdhhc1	0	0	1.25925101978611	0	0.615946510759762	0	0	0	0	0	0	0	0	0	0	0	-0.816255339381289	0.619493707732275	Zhibin_As_Female
Baiap2	0	0	0.815307657550768	0	0	0	0	0	0	0	0	0	0	0	-0.624857000843339	0	-0.72828025161483	0.645690121315232	Zhibin_As_Female
Prodh	0	0	0.933975163482646	0	0	0	0	0	0	0	0	0	0	0	0	0	-0.954601689030844	0.857746474958675	Zhibin_As_Female
Pfkfb1	0	0	0	0	0	0	-0.694376901701024	0	0	0	0	0	0	0	0	0	-1.44110952316089	1.13347304988679	Zhibin_As_Female
Zfp169	0	0	-0.658348979510823	0	0	0	0	0	0	0	0	0	0	0	0	0	-0.630731781402682	0.730964611997706	Zhibin_As_Female
Dock6	0	0	0	0	0	0	0	0	0	0	0	0	0	0	0	0	-0.60655979192481	0.851464711961046	Zhibin_As_Female
Megf8	0	0	0	0	0	0	0	0	0	0	0	0	0	0	0	0	-0.820269036480952	0.662906610058928	Zhibin_As_Female
Zfp661	0	0	0	0	0	0	0	0	0	0	0	0	0	0	0	0	-0.857700255449848	0.688609399447271	Zhibin_As_Female
Mki67	1.40140207646233	0	-0.878017302071583	0	0	1.55513479276076	0	-0.586618338380588	0	0	0	0	0	0	0	0	-0.956733254072953	-0.977257422173293	Zhibin_As_Female
Lamc1	0	0	-0.91663101549045	0	0	0	0.887899713395659	0	0	0	0	0	0	0	0	0	-0.588283795640672	-0.829594370518324	Zhibin_As_Female
Nid1	0	0	0	0	0.702973696858528	0	-0.822160062550207	0	0	0	0	0	0	0	0	0	-0.866871059700692	-0.882936401522204	Zhibin_As_Female
Ralgds	0	0	0.664121804919377	0	0	0	0	0	0	0	0	0	0	0	0	0	-0.798823829856957	-0.841363314392104	Zhibin_As_Female
Spon1	0	0	0	0	0	0	0	0	0	0	0	0	0	0	1.59262420768758	0	2.07235959037054	-1.20989687510499	Zhibin_As_Female
Emp1	0	0	0	0	0	0	0	0	0	0	0	0.61614057719141	0	0	0	0.963263321642305	0.878650300268714	-1.54293302575042	Zhibin_As_Female
Ccr2.1	0	0	0	0	0	0	0	0	0	0	0	0	0	0	0.710751170985408	0.774078517341793	1.21377040679512	-0.774140468588245	Zhibin_As_Female
Aldh1b1	0	0	0	0	0	0	0	0	0	0	0	0	0	0	0	0.835377199161396	0.663853647977212	-1.0449105691163	Zhibin_As_Female
Usp18	0	0	0	0	0	0	0	0	0	0	0	0	0	0	0	0.63245622976709	0.673859492651507	-0.660841529330809	Zhibin_As_Female
Aoah	0.63796738794782	0	-1.14862990362825	0	0	0	0	0	0	0	0	0	0	0	0	0	0.732199573334707	-1.18173548593379	Zhibin_As_Female
Clec4a3	0	0	-0.984070810707237	0	0	-0.615338895439947	0	0	0	0	0	0	0	0	0	0	0.708967117694497	-0.75100642287879	Zhibin_As_Female
Il13ra1	0	0	-0.936429087123491	0	0	0	0	0	0	0	0	0	0	0	0	0	0.630062289178116	-0.74209287515827	Zhibin_As_Female
Marcks	0	0	-0.642464496289098	0	0	0	0	0	0	0	0	0	0	0	0	0	0.877172751121977	-0.687657828493441	Zhibin_As_Female
Oas1a	0	0	0	0	0	0	0.639447093420198	0	0	-0.70013354591296	0	0	0	0	0	0	0.745472347987878	-0.69011631337264	Zhibin_As_Female
Clec4a2	0	0	0	0	0	0	0	0	0	0	0	0	0	0	0	0	1.20740335526448	-1.31738042776984	Zhibin_As_Female
Fam241a	0	0	0	0	0	0	0	0	0	0	0	0	0	0	0	0	0.669483193051217	-0.589635880743129	Zhibin_As_Female
Mpeg1	0	0	0	0	0.647394654349117	0	0	0	0	0	0	0	0	0	0	0	0.842222667795009	-0.827375281745834	Zhibin_As_Female
5830448L01Rik	0	0	-0.972055276796771	0	-1.09074051927241	0	1.05956056068321	0	0	0	0	0	0	0	0.748659551546139	0	-0.902606931420084	1.03275713664303	Zhibin_As_Female
mt-Nd6	0	0	0	0	0	0.770238827330438	1.69828336766957	0	0	0	0	0	0	0	1.71109975047786	0	1.17143310588507	1.1453143518155	Zhibin_As_Female
Gm10123.1	0	0	0	0	0	0	1.51118844686529	0	0	0	0	0	0	0	-1.19895543442912	-0.643550375715243	0.716284684433473	-0.912310081812165	Zhibin_As_Female
Ly6a	0	0.856086827732121	1.04029657459482	0	0	0	0	0.73767644542109	0	0	0	0	0	0	0	0	0.760738216828222	-0.718534537096311	Zhibin_As_Female
Gm9843.1	0	0	1.06834741575056	0.807658884772868	0	0	0.886923040267524	0	0.979501694373133	0	1.13301311609234	0	0	0	0	0	0.800269278447342	1.22849584805838	Zhibin_As_Female
Rps13-ps2.1	0	0	1.23103549185631	1.29137681842444	0	0	1.1267153670844	0	0	0	0	0	0	0	-0.994539817224471	0	0.736704191349957	0.62832466480788	Zhibin_As_Female
Gm15772.1	0	0	0	0	0	0	0.751650044883266	0	0	0	0	0	0	0	-1.53400985326914	-0.815132311073864	0.874835326496947	0.947664140523052	Zhibin_As_Female
Gm4332.1	0	0	0.759199197219447	0	0	0	0	0	0	0	0	0	0	0	-1.23558376729648	-0.756665083319246	0.649827639723798	1.01758673442126	Zhibin_As_Female
Ndufb1-ps.1	0	0	0.808422393151587	0.736543861563064	0	0	0	0	0	0	0	0	0	0	0	0	0.828720614902848	0.622498429903529	Zhibin_As_Female
Smim27.1	0	0	1.10591744994719	0.778113839139908	0	0	0.597264840217493	0	0	0	0	0	0	0	0	0	0.915313467076435	0.831702417657122	Zhibin_As_Female
Endog	0	0	1.25471444971638	0	0	0	0	0	0	0	0	0	0	0	-0.79307989615223	0	0.860274158030031	0.70216481451589	Zhibin_As_Female
Dcxr	0	0	0.943930767223479	0	0	0	0	0	0	0	0	0	0	0	0	0	0.608144575604429	1.01187748957428	Zhibin_As_Female
Fau	0	0	0.825919502066679	0	0	0	0	0	0	0	0	0	0	0	0	0	0.688793816778626	0.67292528294003	Zhibin_As_Female
Churc1	0	0	1.00853190059097	0	0	0	0	0	0	0	0	0	0	0	0	0	0.732440502268341	0.65919854194204	Zhibin_As_Female
Ndufc1	0	0	1.02099889303616	0	0	0	0	0	0	0	0	0	0	0	0	0	0.77443554216921	0.593478609360937	Zhibin_As_Female
2410022M11Rik.1	0	0	0	0	0	0	0.64752463851472	0.596441511673809	0	0	0	0	0	0	-0.633456324110723	0	1.25944305011557	1.01396350784635	Zhibin_As_Female
Cirbp	0	-0.627169993246266	0.697353141429403	0	0	0	0	0.598585613821778	0	0	0	0	0	0	0	0	0.680878771650809	1.05534052009001	Zhibin_As_Female
2310010J17Rik	0	0	0	0	0	0	0	0	0	0	0	0	0	0	0	0	0.766246113574763	0.839242179608853	Zhibin_As_Female
Atp5e	0	0	0	0	-0.641255749946006	0	0	0	0	0	0	0	0	0	0	0	0.865847388378573	0.943249043938754	Zhibin_As_Female
