Aylor_TCDD_Male_adult_blood	Aylor_TCDD_Male_adult_liver	Bartolomei_BPA10mg_Male_adult_blood	Bartolomei_BPA10mg_Male_adult_liver	Bartolomei_BPA10ug_Male_adult_blood	Bartolomei_BPA10ug_Male_adult_liver	Biswal_PM2.5_Male_adult_blood	Biswal_PM2.5_Male_adult_liver	Dolinoy_DEHP_Male_adult_blood	Dolinoy_DEHP_Male_adult_liver	Dolinoy_Pb_Male_adult_blood	Dolinoy_Pb_Male_adult_liver	Mutlu_PM2.5_Male_adult_blood	Mutlu_PM2.5_Male_adult_liver	Walker_TBT_Male_adult_blood	Walker_TBT_Male_adult_liver	Zhibin_As_Male_adult_blood	Zhibin_As_Male_adult_liver	Type
Saa3	2.19636166736	2.62534529766013	0	0	0	2.1714999700894	0	-1.15559897997974	0	0	0	0	0	0	-3.20869648062414	0	0	0	Aylor_TCDD_Male
Ddit4	1.11661900987178	1.35164444108943	0	0	0	0	0	1.08218622398436	0	0	0	0	0	-1.26107843781477	0	-1.03465452512805	0	0	Aylor_TCDD_Male
Flot2	0.840829050793045	0.63689947214211	0	0	0	0	0	0	0	0	0	0	0	0	-0.889602757789142	0	0	0	Aylor_TCDD_Male
Il15	-0.762735157519202	0.871295837513876	0	0	0	0	0	0	0	0	0	0	0	0	0	0.708961497818685	0	0	Aylor_TCDD_Male
Ccdc34	0	0	0.658421295117909	0.74850713197413	0	0	0	0	0	0	0	0	0	0	0	0.795580904328649	0	0	Bartolomei_BPA10mg_Male
Cryl1	0.715204309988636	0	0.619399041054657	0.617313635943203	0	0	0	0	0	0	0	0	0	0	0	0	0	0	Bartolomei_BPA10mg_Male
Gstm1	0	0	0.71210619412266	0.585406031975155	0	0	0	0	0	0	0	0	0	0	0	0	0	0	Bartolomei_BPA10mg_Male
Tspan3	0	0	0.636659470689966	0.629908415712152	0	0	0	0	0	0	0	0	0	0	0	0	0	0	Bartolomei_BPA10mg_Male
Fgg	0.648716135149275	0	0.984180125226779	-0.686254322542017	0	0	0	0	0	0	0	0	0	0	0	-0.625487673613903	1.19768362131219	0	Bartolomei_BPA10mg_Male
Hopx	0	0	0.590792992420434	-0.67270606658005	0	0	0	0	0	0	0	0	0	0	0	-0.603096611057542	0	0	Bartolomei_BPA10mg_Male
Gm45051	0	0.6563329742881	-1.36621839071143	0.62011915332163	0	0	0	-0.791096776048456	0	0	0	0	0	0.789166101785216	0	0.714160101073002	0	0	Bartolomei_BPA10mg_Male
Ltbp2	0	0	-0.985466926096043	0.969898080572575	0	0	-1.57067868295459	0	0	0	0	0	0	0	-1.38949248198039	0	0.857196250730565	0	Bartolomei_BPA10mg_Male
Pygb	0	0	-0.685136455124346	0.62480809907456	0	0	-0.661044704958064	0	0	-0.733892968700177	0	0	0	0	-1.16267858546926	0	0	0	Bartolomei_BPA10mg_Male
mt-Rnr2	0	0	0	0	1.128924313416	-0.617282919092822	0	0	0	1.21385796568401	0	0.716537866387158	0	0	0	0	0	0	Bartolomei_BPA10ug_Male
Rab27b	0	0	0	0	0.791684494308623	-0.648299826074692	0	0	0	0	0	0	0	0	-1.09096059889311	0.65206062572172	0	0	Bartolomei_BPA10ug_Male
Abhd1	0	0	0	0	-0.924229914596628	0.688564030022471	0	0	0	0	0	0	0	0	0	0	0	0	Bartolomei_BPA10ug_Male
Rps3a3	0	0	0.963321411360639	0	0.837188378406017	0.710014401104851	0.870858642676056	0	0	0	0	0	0	0	0	0	0	0	Bartolomei_BPA10ug_Male
Mylpf	0	0	0	0	0	0	-1.03288750685611	-2.07656924313586	0	-3.64228303330884	0	-2.78570131389566	0	0	0	0	0	0	Biswal_PM2.5_Male
Pygm	0	0	0	0	0	0	-1.1734440965814	-1.53226126486237	0	-3.54148362288172	0	-3.11405812497249	0	0	-1.11395645040536	0	0	0	Biswal_PM2.5_Male
Pls1	0	0	0	0	0.774320792597345	0	-0.862645410493062	1.36236671376332	0	0	0	0	0	0	-1.02693434177932	3.29702257590425	0	0	Biswal_PM2.5_Male
Usp2	0	1.58383536203906	0	0	0	0	0.664245722099721	0.814265426171375	0	0	0	0	0	0	0	1.74271107577924	0	0	Biswal_PM2.5_Male
Cyp2b10	0	0	0	0	0	0	-1.54424919377812	2.89978797119519	0	0	0	0	0	0	-1.42860445183043	0	0	0	Biswal_PM2.5_Male
Lars2	0	0	0	0	0	0	-0.755062854084881	1.8642899976562	0	0	0	0	0	0	-2.92885290677226	0	1.30455404949595	0	Biswal_PM2.5_Male
St3gal5	0	0	0	0	0	0	-1.32787123698417	2.08499678616518	0	0	0	0	-0.901046708817097	-0.694724456753218	0	-0.614965339910094	0	0	Biswal_PM2.5_Male
Rec114	0	0	0	0	0	0	-1.94411357039726	1.40351996478403	0	0	0	0	-0.989923438851	0	0	0	-0.96454365765283	0	Biswal_PM2.5_Male
Slc6a9	0	0	0	0	0	0	-2.13071804871512	1.30289910240161	0	0	0	0	-1.23153333776586	0	0	0	0	0	Biswal_PM2.5_Male
Ncoa4	0	0	0	0	-1.021746157178	0	-0.803615114734669	0.66334715580709	0	0	0	-0.639309353259124	-1.06043855147092	-0.635177365265511	0	0	0	0	Biswal_PM2.5_Male
Armcx4	0	0	0	0	0	0	-0.753466455287221	0.608862317506345	0	0	0	0	-1.10013230071307	-0.699817354445739	0	0	0.80622149752991	0	Biswal_PM2.5_Male
Specc1	0	0	0	0	0	0	-1.14504926274387	0.880022030222493	0	0	0	0.64611326596574	-1.00328312745584	0	0	0	0	0	Biswal_PM2.5_Male
Acsl1	0	0	0	0	0	0	-0.843630922305769	0.642535901410723	0	0	0	0	-0.980015645719636	0	0	0	0	0	Biswal_PM2.5_Male
Rsad2	0	0	0	0	0	0	-1.30756228404134	1.04732432002115	0	0	0	0	-1.38382005939746	0	0	0	0	0	Biswal_PM2.5_Male
Mgll	0	0	0	0	0	0	-1.13439473495975	1.01798820304701	0	0	0	0	-0.76229793139679	0	0	0	0	0.672895844826646	Biswal_PM2.5_Male
Tent5c	0	0	0	0	0	0	-1.12250163592328	1.13317167476247	0	0	0	0	-0.883290716484153	-0.642855186783228	0	0	0	0	Biswal_PM2.5_Male
4930579G24Rik	0	0	0	0	0	0	-0.778636602381646	0.856358432295229	0	0.943904370857387	0	0	0	0	0	-1.38342686362394	0	0	Biswal_PM2.5_Male
Cav1	0	0	0	0	0	0	-0.875148660982881	0.620891387613893	1.3922600236879	0	0	0	0	0	-1.20955723867779	0	0	0	Biswal_PM2.5_Male
Acer2	0	0	-0.746171840669347	0	0	0	-0.686655104142191	0.755339827545784	0	0	0	0	0	0	-1.16383401576204	0	0	0	Biswal_PM2.5_Male
Slc22a3	0	0	0	0	0.646546122827942	0	-0.928495375485208	0.849589425939239	0	0	0	0	0	0	-0.939572713042588	0	0	0	Biswal_PM2.5_Male
Rrm2	0	0	0	0	0	0	-1.41886063714623	0.642290891643124	0	0	0.64339269811854	0	0	0	0	0	0	0.940036286422541	Biswal_PM2.5_Male
S1pr3	0	0	0	0	0	0	-1.20505493648816	0.940703404995354	0	0	0	0	0	0	0	0	0	0.783210551909834	Biswal_PM2.5_Male
Dio1	0	0.592828540092864	0	0	0	0.614498959691776	-1.56234758714239	0.758747691314587	0	0	0	0	0	0	0	0	0.959137271628693	0	Biswal_PM2.5_Male
Tanc2	0	0	0	0	0	0	-0.663367130533755	0.601863295348825	0	0	0	0	0	0	0	0	0.727123871676339	0	Biswal_PM2.5_Male
Kif11	0	0	0	0	0	0	-1.20262632845349	0.595041844484343	0	0	0	0	0	0	0	0	0.99534567743398	0	Biswal_PM2.5_Male
Slc27a2	0	0	0	0	0	0	-1.32559464071022	0.948468871888759	0	0	0	0	0	0	0	0	0.702393500053693	0	Biswal_PM2.5_Male
Prc1	0	0	0	0	0	0	-1.04423723397291	1.02553110323117	0	0	0	0	0	0	0	0	0.854050493742232	0	Biswal_PM2.5_Male
Rhobtb1	0	0	0	0	0	0	-1.04023119624157	1.02987776003466	0	0	0	0	0	0	0	0	0.968064211731807	0	Biswal_PM2.5_Male
Crybg2	0	0.739990320151504	0	0	0	0	-0.975948363516073	1.64727692751259	0	0	0	0	0	0.699103516633002	0	0	0	0	Biswal_PM2.5_Male
Ctif	0	0	-1.17715619949521	0	0	0	-1.08401745613492	1.27917355829322	0	0	0	0	0	0	0	0	0	0	Biswal_PM2.5_Male
Gm43672	0	0	-0.756867139492103	0	0	0	-0.895990418000949	0.801576157890722	0	0	0	0	0	0	0	0	0	0	Biswal_PM2.5_Male
Slc22a23	0	0	-1.02732975703308	0	0	0	-0.968373816276946	0.633955057413782	0	0	0	0	0	0	0	0	0	0	Biswal_PM2.5_Male
Nxpe2	0	0	0	-0.83360119556956	0	0	-1.00975413022108	0.945092103839841	0	0	0	0	0	0	0	0.645050807696537	0	0	Biswal_PM2.5_Male
Plpp3	0	0	0	0	0	0	-1.07649034172807	0.906585301204597	0	0	0	-0.85306669986711	0	0	0	0	0	0	Biswal_PM2.5_Male
Abcb4	0	0	0	0	0	0	-1.43181705453261	0.977425413355416	0	0	0	0	0	0	0	0	0	0	Biswal_PM2.5_Male
Ccnf	0	0	0	0	0	0	-1.02297664875563	0.899374753609458	0	0	0	0	0	0	0	0	0	0	Biswal_PM2.5_Male
Nek2	0	0	0	0	0	0	-1.15795514122533	0.89519034227202	0	0	0	0	0	0	0	0	0	0	Biswal_PM2.5_Male
Dcbld1	0	0	0	0	0	0	-1.30613402318534	0.633210098990899	0	0	0	0	0	0	0	0	0	0	Biswal_PM2.5_Male
Rai2	0	0	0	0	0	0	-1.11735717123794	0.699073715607917	0	0	0	0	0	0	0	0	0	0	Biswal_PM2.5_Male
Angptl4	0	0	0	0	0	0	-0.837858114440866	1.02013102949869	0	0	0	0	0	0	0	0	0	0	Biswal_PM2.5_Male
Eci2	0	0	0	0	0	0	-0.693560868550626	1.05587222770612	0	0	0	0	0	0	0	0	0	0	Biswal_PM2.5_Male
Chaf1a	0	0	0	0	0	0	-0.649283810293249	0.844610183794109	0	0	0	0	0	0	0	0	0	0	Biswal_PM2.5_Male
Crat	0	0	0	0	0	0	-0.609041369934902	0.832724577628863	0	0	0	0	0	0	0	0	0	0	Biswal_PM2.5_Male
Arl4a	0	0	0	0	0	0	-0.637057515219673	0.62355354361521	0	0	0	0	0	0	0	0	0	0	Biswal_PM2.5_Male
Aldh1a1	0	0	0	0	0	0	-0.716890354445614	0.616328617442699	0	0	0	0	0	0	0	0	0	0	Biswal_PM2.5_Male
Dyrk1b	0	0	0	0	0	0	-0.733535727684669	0.627939839168824	0	0	0	0	0	0	0	0	0	0	Biswal_PM2.5_Male
Hspa2	0	0	0	0	0	0	-0.74518298020134	0.639080311351329	0	0	0	0	0	0	0	0	0	0	Biswal_PM2.5_Male
Gm23935	0	0	0	1.65081141164974	-1.05788145607176	0	-0.886884178281283	2.63521630348409	-1.14357076165684	0	0	0	0	0	0	0	0	0	Biswal_PM2.5_Male
Kif20a	0	0	0	0.904994341227636	0	0	-0.910624374944789	0.817119391792953	0	-1.53776152400255	0	-1.054592072521	0	0	0	0	0	0	Biswal_PM2.5_Male
Fkbp5	0	0	0	0	0	0	0.893858337059119	1.91148413677428	0	0	0	0	-1.08600673286321	-0.863020280730664	0	0	0	0.898122371018708	Biswal_PM2.5_Male
Slc16a5	0	0	0	0	0	0	1.15488062679146	1.95466589391384	0	0	-1.42321929415848	0	-0.813931500242187	0	0	0	0	0	Biswal_PM2.5_Male
Cerkl	0	0	0	0	0	0	1.42628729096038	1.07551230104746	0	0	0	-0.960959803712968	0	0	0	-0.617862344801086	0	0	Biswal_PM2.5_Male
Fan1	0	0	0	0	0	0	1.24482080587442	0.602394858478723	0	0	0	-1.32094734049259	0	0	0	0	0	0	Biswal_PM2.5_Male
Adap2	0	0	0	0	0	0	1.40787035990251	0.610558831017955	0	0	0	-0.915114828274205	0	0	0	0	0	0	Biswal_PM2.5_Male
Tlr5	0	0	0	0	0	0	1.56886254347817	0.852901642364718	0	0	0	-0.753921107630325	0	0	0	0	0	0	Biswal_PM2.5_Male
Aatk	0	0	0	0	0	0	0.975906239108957	1.24307263786584	0	0	0	-0.922699128701916	0	0	-0.814119206056317	0	0	0	Biswal_PM2.5_Male
Tmed10-ps	0	0	0	0	0	0	0.641993300535979	0.705276622849883	0	0	0	-0.957444354264116	0	0	0	0	0	0	Biswal_PM2.5_Male
Ptar1	0	0	0	0	0	0	0.650221982860332	0.76313410339298	0	1.15853057372225	0	0	0	0	0	0	0	0	Biswal_PM2.5_Male
Cers6	0	0	0	0	0	0	1.02809458196585	1.57317415774016	0	0	0	0	-0.594975778853757	0	0	0	0	0	Biswal_PM2.5_Male
Sec24d	0	0	0	0	0	0	0.920877328525265	0.900680243055999	0	0	-0.587780940561744	0	-0.769643355881414	0	0	0	0	0	Biswal_PM2.5_Male
Cd300lf	0	0	0	0	0	0	0.853540269361623	0.874528034576347	0	0	0	0	-1.05949848653323	0	0	0	0	0	Biswal_PM2.5_Male
Hectd1	0	0	0	0	0	0	0.589137153718455	0.842780902677336	0	0	0	0	-0.750982749127747	0	0	0	0	0	Biswal_PM2.5_Male
Iqgap2	0	0	0	0	0	0	0.790821193959201	0.617404622093807	0	0	0	0	-0.713309265235979	0	0	0	0	0	Biswal_PM2.5_Male
Dusp1	0	0	0	0	0	0	0.791655593794691	0.679496796959969	0	0	0	0	0	0	-0.906230715355059	0	0	0	Biswal_PM2.5_Male
Tnfrsf1b	0	0	0	0	0	0	0.603206686554417	0.634021021043272	0	0	0	0	0	0	-0.742233660226624	0	0	0	Biswal_PM2.5_Male
Klhl11	0	0	0	0	0	0	1.12181682398959	0.729951663712523	0	0	0	0	0	0	0	0	0.76501456059773	0	Biswal_PM2.5_Male
Cep290	0	0	0	0	0	0	0.8835617439743	0.619588607044944	0	0	0	0	0	-0.637331333773345	0	0	0	0	Biswal_PM2.5_Male
Gm7694	0	0	0	0	0	0	1.04983630775626	0.917610584823148	0	0	0	0	0	-0.806117959645158	0	0	0	0	Biswal_PM2.5_Male
Enc1	0	0	0	0	0	0	0.809935687591472	1.30012619729829	0	0	0	0	0	0	0	0	0	0	Biswal_PM2.5_Male
Retreg1	0	0	0	0	0	0	0.596664827232727	0.977284214874543	0	0	0	0	0	0	0	0	0	0	Biswal_PM2.5_Male
Shld2	0	0	0	0	0	0	0.610267916845622	1.11634793758156	0	0	0	0	0	0	0	0	0	0	Biswal_PM2.5_Male
Zfp128	0	0	0	0	0	0	0.683613510361867	0.591210116820407	0	0	0	0	0	0	0	0	0	0	Biswal_PM2.5_Male
Dcun1d3	0	0	0	0	0	0	0.782716683439664	0.59995790961873	0	0	0	0	0	0	0	0	0	0	Biswal_PM2.5_Male
Stt3a	0	0	0	0	0	0	0.748617822798549	0.61585219444104	0	0	0	0	0	0	0	0	0	0	Biswal_PM2.5_Male
Hsd17b11	0	0	0	0	0	0	0.63216580180924	0.747725461362336	0	0	0	0	0	0	0	0	0	0	Biswal_PM2.5_Male
Dgkh	0	0	0	0	0	0	0.684755212125396	0.868965598583381	0	0	0	0	0	0	0	0	0	0	Biswal_PM2.5_Male
Zfp292	0	0	0	0	0	0	0.639888534856614	0.846345962747368	0	0	0	0	0	0	0	0	0	0	Biswal_PM2.5_Male
Rusc2	0	0	0	0	0	0	1.13875843937672	0.812233700776755	0	0	0	0	0	0	0	0	0	0	Biswal_PM2.5_Male
Zfp619	0	0	0	0	0	0	1.00252867545297	0.854348941056128	0	0	0	0	0	0	0	0	0	0	Biswal_PM2.5_Male
Abca5	0	0	0	0	0	0	0.969812169847459	0.631420012192322	0	0	0	0	0	0	0	0	0	0	Biswal_PM2.5_Male
Glce	0	0	0	0	0	0	0.864143565776964	0.688046251500718	0	0	0	0	0	0	0	0	0	0	Biswal_PM2.5_Male
Slc26a2	0	0	0	0	0	0	0.801633574406822	0.684510801255472	0	0	0	0	0	0	0	0	0	0	Biswal_PM2.5_Male
Abca6	0	0	0	0	0	0	2.23721110869869	0.603547252411782	0	0	0	0	0	0	0	0	0	0	Biswal_PM2.5_Male
Met	0	0	0	0	0	0	1.94826479845011	0.615860550742656	0	0	0	0	0	0	0	0	0	0	Biswal_PM2.5_Male
Ttbk1	0	0	0	0	0	0	1.44492979300542	1.03438256100103	0	0	0	0	0	0	0.903816478505556	0	0	0	Biswal_PM2.5_Male
Ccdc15	0	0	0	0	0	0	1.06825553546045	0.713234581431098	0	0	0	0	0	0	0.76837260666441	0	0	0	Biswal_PM2.5_Male
Zbtb20	0	0	0	0	0	0	1.15244110446175	0.833809983366314	0	0	0	0	0	0	0.712226446105243	0	0	0	Biswal_PM2.5_Male
Ar	0	0	0	0	0	0	1.21984738056387	1.18544601779585	0	0	0	0	0	0	0	0.632460572246322	0	0.636487331879733	Biswal_PM2.5_Male
Slc16a7	0	0	0	0	0	0	1.32035035301934	0.645473191477671	0	0	0	0	0	0	0	0.634296773015558	0	0	Biswal_PM2.5_Male
Uprt	0	0	0	0	0	0	1.22325169311632	0.591132777809027	0	0	0	0.754390074752808	0	-0.937935332795464	0	0	0.669125770430506	0	Biswal_PM2.5_Male
Cep85l	0	0	0	0	0	0	1.23310798568907	1.27410371079903	0	0	0	0	0	-0.650554471909901	0.595775077279516	0	0	0	Biswal_PM2.5_Male
Il6ra	0	0	0	0	0	0	0.85050849888817	1.69276860415904	0	0	0	0	0	-0.945635573898751	0	0	0	0	Biswal_PM2.5_Male
Fn1	0	0	0	0	0	0	2.63253539381386	0.950706862227707	0	0	0	0	0	0	-1.60203259275515	0	0	0	Biswal_PM2.5_Male
Ms4a8a	0	0	0	0	0	0	2.69918319120854	0.787621132272865	0	0	0	0	0	0	-1.68186011852291	0	0	0	Biswal_PM2.5_Male
Mafb	0	0.675341762483829	0	0	0	0	1.61436111074174	0.850282560155312	0	0	0	0	-1.0284530619113	0	-1.62839736497243	0	0	0	Biswal_PM2.5_Male
Emilin2	0	0	0	0	0	0	1.32765870318958	0.88032351581845	0	0.689993107856631	0	0	0	0	-1.56263524595793	0	0	0	Biswal_PM2.5_Male
Ahr	0	0	0	0	0	0	1.57979834472845	0.76566162719581	0	0	0	-0.625495537274749	0	0	-1.04169351931211	0	0	0	Biswal_PM2.5_Male
Pid1	0	0	0	0	0	0	1.54138296916153	0.72356051902681	0	0	0	0	0	0	-0.729394438300518	0	0	0	Biswal_PM2.5_Male
Olfm1	0	0	0	0	0	0	1.26825803393716	0.618308744012313	0	0	0	0	0	0	-1.29613959819254	0	0	0	Biswal_PM2.5_Male
Sulf2	0	0	0	0	0	0	1.08516342743133	0.768440376832338	0	0	0	0	0	0	-0.96180375939999	0	0	0	Biswal_PM2.5_Male
Steap4	0	0	0	-0.778856865045666	0	0	1.3237398998927	1.21792344733621	0	0	0	0	-1.54458153825731	-0.903765844852796	-1.43291237548874	-1.71257377746267	0	-0.897449188594343	Biswal_PM2.5_Male
Il1rn	-0.999924045786696	0	0	0	0	0	0.718233913916487	0.751544399680837	0	0	0	0	-0.749306238973296	-1.23150462989631	-1.27175371322853	0	0	0	Biswal_PM2.5_Male
Tlr13	0	0	0	0	0	0	0.947969636379323	0.651095442438707	0	0	0	0	-0.774485472734758	-1.14762327361578	-1.04335619127105	0	0	0	Biswal_PM2.5_Male
Mirt2	0	0.894462996737283	0	0	0	0	0.800809983157969	0.946933768380021	0	0	0	0	0	0	-1.15352366133386	-0.842486733100957	0	0	Biswal_PM2.5_Male
C5ar1	0	0	0	0	0	0	0.669655717922211	0.841833963799623	0	0	0	0	0	-1.01804921245045	-0.872060114628507	-0.902886259560239	0	0	Biswal_PM2.5_Male
Fndc3b	0	0	0	0	0	0	1.55414605577178	1.00874332642222	0	0	0	0	0	-0.790529134080359	-0.974688482649137	-0.757621533548964	0	0	Biswal_PM2.5_Male
Gm29216	0	0	2.10304670786693	0	0	0	-1.428485223531	-0.980755618636444	-0.956145951622907	0	-1.91906214558202	0	0	0	0	-0.870247558846344	0	0	Biswal_PM2.5_Male
Bc1	0	0	1.65650257725839	0	0	0	-1.76137551096623	-1.19020310203664	0	0	0	0	0	0	0	0	0	0	Biswal_PM2.5_Male
Gm28661	0	0	1.24281489050905	0	0	0	-1.32542257966617	-1.38757454683908	0	0	0	0	0	0	0	0	0	0	Biswal_PM2.5_Male
Gm28437	0	0	1.57929355819413	0	1.16816735537367	0	-1.14044354277706	-1.30832314029888	0	0	-1.31067500619783	0	0.902923615942269	0	0	0	0	0	Biswal_PM2.5_Male
Gm28439	0	0	2.25914063725571	0	1.40279298350957	0	-0.887930865197019	-0.928655739107722	0	0	0	0	0	0	0	0	0	0	Biswal_PM2.5_Male
Asns	0	0	0	0	0	0	-0.800599082541708	-1.99705756840273	0	0	0	0	-1.20760612086739	0	0	0	-1.7345225822679	0	Biswal_PM2.5_Male
Gm10177	0	0	-0.921555363009547	0	0	0	-1.38879508326284	-0.801729962311542	0	0	0	0	-1.0387827583596	0	0	0	-1.51270904817623	0	Biswal_PM2.5_Male
Sec61g	0	0	0	0	-1.00834792686809	0	-1.24061393080513	-0.776764012428291	0	0	0	0	-0.855177990195851	0	0	0	-1.20660804555302	0	Biswal_PM2.5_Male
Cdc42ep5	0	-1.19986234596898	0	0	0	0	-0.965536406088448	-1.19465725324154	0	0	0	0	0	0	-0.886531206916109	0	0	0	Biswal_PM2.5_Male
Cib3	0	-1.7361361736562	0	0	0	0	-0.99787676395662	-1.41820472698909	0	0	0	0	0	0	0	0	0	0	Biswal_PM2.5_Male
Eno3	0	0	0	0	0	0	-0.716822823220479	-1.18233058270558	0	-0.972497230478342	0	-1.31440028095442	0	0	0	0	0	0	Biswal_PM2.5_Male
Tpm1	0	0	0	0	0	0	-0.731210501274297	-0.731162167674854	0	-0.938200532004334	0	-0.764209743844211	0	0	0	0	0	0	Biswal_PM2.5_Male
Tk1	0	0	0	0.753266883945139	0	0.648023064813571	-0.632066776363392	-1.01981351169239	0	0	0	0	0	0	0	0.978192469683687	0.64568468972371	0	Biswal_PM2.5_Male
Chac2	0	0	0	0	0	0	-0.972751698741419	-0.708985235091359	0	0	0	0	0	0	0	0.679053532785421	0	0	Biswal_PM2.5_Male
Tnfrsf19	0	0	0	0	0	0	-0.797876465948843	-0.596679751326018	0	0	0	0	0	0.844908936146917	0	1.05007066743632	0	0	Biswal_PM2.5_Male
Cd24a	0	0	0	0.87192037677821	0	0	-1.02797538012437	-0.598360170786048	0	0	0	0	-0.674725682617516	0	0	0.675941996876632	-0.594207141599906	0	Biswal_PM2.5_Male
Birc5	0	0	0	0	0	0	-1.51882274153316	-0.836921052228312	0	0	0	0	-1.12107397742972	0	0	0	0	0	Biswal_PM2.5_Male
Rab3il1	0	0	0	0	0	0	-1.60213045417534	-0.94549008326103	0	0	0	0	-1.33771531683015	0	0	0	0	0	Biswal_PM2.5_Male
Nlrp6	0	0	0	0	0.828976255396036	0	-1.637052494231	-0.588356023325158	0	0	0	0	0	0	-0.819252480153896	0	0	0	Biswal_PM2.5_Male
Exoc3l4	0	0	0	0	0.910645502864996	0	-1.19152406381556	-0.853528757851358	0	0	0	0	-0.930703838643584	0	0	0	0	0	Biswal_PM2.5_Male
Gm10925	0	0	0	0	1.01093345813838	0	-0.947139082347969	-1.24955595830752	0	0	0	0	0	0	0	0	0	0	Biswal_PM2.5_Male
mt-Nd3	0	0	0.907444835993979	0	0.934642127735653	0	-1.24125443749543	-0.606957345754973	0	0	0	0	0	0	0	0	-0.920117487242373	0	Biswal_PM2.5_Male
Tmem256	0	0	0	0	0	0	-1.36328921023393	-0.861815775267988	0	0	0	0	0	0	0	0	-1.34563175252036	0	Biswal_PM2.5_Male
Cox7a2	0	0	0	0	0	0	-0.660223858431682	-0.693039030240664	0	0	0	0	0	0	0	0	-0.705068955475595	0	Biswal_PM2.5_Male
Abhd17a	0	0	0	0	0	0	-0.663122626024843	-0.652469290781602	0	0	0	0	0	0	0	0	-0.663012209760534	0	Biswal_PM2.5_Male
Ndufa2	0	0	0	0	0	0	-0.688818215518731	-0.625428581841898	0	0	0	0	0	0	0	0	-0.627906152174961	0	Biswal_PM2.5_Male
Gm14719	0	0	0	0	0	0	-0.787968633196227	-0.683885324922052	0	0	0	0	0	0	0	0	-0.965841131475354	0	Biswal_PM2.5_Male
Prelid2	0	0	0	0	0	0	-0.64837254999791	-0.872449832914079	0	0	0	0	0	0	0	0	-1.06364643122405	0	Biswal_PM2.5_Male
Csrp1	0	0	0	0	0	0	-0.754786458229886	-0.737766425440918	0	0	0	0	0	0	-0.961542368303165	0	0	0	Biswal_PM2.5_Male
Lzts2	0	0	0	0	0	0	-0.715695660643866	-0.613027921642621	0	0	0	0	0	0	-1.19658483715188	0	0	0	Biswal_PM2.5_Male
Tuba1a	0	0	0	0	0	0	-0.602748285134409	-1.03594929809422	0	0	0	0	0	0	-0.695701394797072	0	0	0	Biswal_PM2.5_Male
Mad2l1bp	0	0	0	0	0	0	-0.743863093189203	-0.601803645696184	0	0	0	0	0	0	-0.62351964163003	0	0	0	Biswal_PM2.5_Male
Gipc1	0	0	0	0	0	0	-0.902834954406286	-0.762287964591747	0	0	0	0	0	0	-0.825565965102834	0	0	0	Biswal_PM2.5_Male
Camk1	0	0	0	0	0	0	-0.916879601787437	-0.684914268435587	0	0	0	0	0	0	-0.662823978005915	0	0	0	Biswal_PM2.5_Male
Dut	0	0	0	0	0	0	-0.956663541361535	-0.7335158815334	0	0	0	0	0	0	-0.682211513961621	0	0	0	Biswal_PM2.5_Male
AI463229	0	0	0	-0.63543170360578	0	0	-0.918462279654313	-0.657103523480047	0	0	0	0	0	0	-1.49423557285639	0	0	0	Biswal_PM2.5_Male
Maged2	0	0	0	0	0	0	-1.20653774704337	-0.67868695451699	0	0	0	0	0	0	-1.16603168769939	0	0	0	Biswal_PM2.5_Male
Cavin1	0	0	0	0	0	0	-1.39977082818377	-0.590042980213684	0	0	0	0	0	0	-1.5490759097632	0	0	0	Biswal_PM2.5_Male
Tspan9	0	0	0	0	0	0	-1.02055456292015	-0.590894058516818	0	0	0	0	0	0	-1.58042849621842	0	0	0	Biswal_PM2.5_Male
AC102496.1	0	0	0	0	0	0	-1.11796236817559	-1.67404269426216	0	0	0	0	0	0	0	0	0	0	Biswal_PM2.5_Male
Pdzk1ip1	0	0	0	0	0	-0.860430750037134	-0.921608840858541	-1.12921873134038	0	0	0	0	0	0	0	0	0	0	Biswal_PM2.5_Male
Gstp3	0	0	0.605787328506772	0	0	0	-1.40485205437561	-0.637097202935603	0	0	0	0.599559521437986	0	0	0	0	0	0	Biswal_PM2.5_Male
Gm5526	0	0	0	0	0	0	-0.801469300874364	-1.18996107704098	0	0	0	1.26313011910366	0	0	0	0	0	0	Biswal_PM2.5_Male
Gm12481	0	0	0	0	0	0	-0.669078291065579	-0.634779455246115	0	0	0	0.828662452779322	0	0	0	-0.653356995333066	0	0	Biswal_PM2.5_Male
Gpx4-ps2	0	0	0	0	0	0	-0.957253186847313	-0.707916509339803	0	0	0	0.918213287687511	0	0	0	0	0	0	Biswal_PM2.5_Male
Ppan	0	0	0	0	0	0	-0.591155561566087	-0.660912935983099	0	0	0	0.621754758022313	0	0	0	0	0	0	Biswal_PM2.5_Male
Pde4c	0	0	0	0	-1.25710913982341	0	-1.24587801580332	-0.693397585152618	0	0	0	0	0	0	0	0	0	0	Biswal_PM2.5_Male
Ube2s	0	0	0	0	-0.652608336327534	0	-0.949128928720135	-0.591789720320512	0	0	0	0	0	0	0	0	0	0	Biswal_PM2.5_Male
D930048N14Rik	0	0	0	0	0	0	-0.983166235200058	-0.794139939648654	0	0	0	0	0.623424685033958	0	0	0	0.777183238344501	0	Biswal_PM2.5_Male
Hes6	0	0	0	0	0	0.776883493636766	-0.739150634246126	-1.21428127219898	0	0	0	0	0	0	0	0	0	0	Biswal_PM2.5_Male
Sytl1	0	0	0	0	0	0.676905676937485	-0.738901285350058	-0.903777915327689	0	0	0	0	0	0	0	0	0	0	Biswal_PM2.5_Male
Mcm10	0	0	0	0	0	0	-0.995436766136288	-0.796156096004914	0	0	0	0	0	0	0	0	0	0.608344979462784	Biswal_PM2.5_Male
Nme1	0	0	0	0	0	0	-0.607713522212326	-0.668541623584927	0	0	0	0	0	0	0	0	0	0.709789862902846	Biswal_PM2.5_Male
Iqcb1	0	0	0	0	0	0	-0.604866698775391	-0.648737400201723	0	0	0	0	0.597420158671673	0	0	0	0	0	Biswal_PM2.5_Male
Pycrl	0	0	0	0	0	0	-0.711200308234564	-0.864359460271093	0	0	0	0	0	0	0	0	0	0	Biswal_PM2.5_Male
Tmem29	0	0	0	0	0	0	-0.967962065179945	-0.942674353869844	0	0	0	0	0	0	0	0	0	0	Biswal_PM2.5_Male
Aamdc	0	0	0	0	0	0	-0.820735481884109	-0.646448278995157	0	0	0	0	0	0	0	0	0	0	Biswal_PM2.5_Male
Wbp1	0	0	0	0	0	0	-0.870646948825209	-0.585649786847447	0	0	0	0	0	0	0	0	0	0	Biswal_PM2.5_Male
Ap1s1	0	0	0	0	0	0	-0.61580061369347	-0.597141502087895	0	0	0	0	0	0	0	0	0	0	Biswal_PM2.5_Male
Oaz2	0	0	0	0	0	0	-0.627715262835178	-0.59938945958489	0	0	0	0	0	0	0	0	0	0	Biswal_PM2.5_Male
Ntan1	0	0	0	0	0	0	-0.617959796383054	-0.669452353592511	0	0	0	0	0	0	0	0	0	0	Biswal_PM2.5_Male
Ankrd54	0	0	0	0	0	0	-0.611837222457758	-0.632003186932382	0	0	0	0	0	0	0	0	0	0	Biswal_PM2.5_Male
Gemin7	0	0	0	0	0	0	-0.595836436603907	-0.648353831873832	0	0	0	0	0	0	0	0	0	0	Biswal_PM2.5_Male
Tle2	0	0	0	0	0	0	-0.66169988963979	-0.724134076329001	0	0	0	0	0	0	0	0	0	0	Biswal_PM2.5_Male
Kcnj8	0	0	0	0	0	0	-0.753655305178451	-0.746906268605706	0	0	0	0	0	0	0	0	0	0	Biswal_PM2.5_Male
Tmem9	0	0	0	0	0	0	-0.749639037665027	-0.709960176028836	0	0	0	0	0	0	0	0	0	0	Biswal_PM2.5_Male
Pea15a	0	0	0	0	0	0	-0.715656673299255	-0.687384639273313	0	0	0	0	0	0	0	0	0	0	Biswal_PM2.5_Male
Ptpn18	0	0	0	0	0	0	-0.761428820793622	-0.652710475843598	0	0	0	0	0	0	0	0	0	0	Biswal_PM2.5_Male
Gm10076	0	0	0	0	0	0	-0.623654775706549	-0.671889294011306	0	0	0	1.07119112579812	0	0	0	-0.59923605253183	-0.998697578252465	0	Biswal_PM2.5_Male
Gm10275	0	0	0.652904314436006	0	0	0	0.698211202904641	-1.19448833554612	0	0	0	0.787582776169348	0	0	0.705453500732875	-0.764480763326283	-0.712325904543647	0	Biswal_PM2.5_Male
Rpl38-ps2	0	0	0.982020436280289	0	0	0	0.670186503709562	-1.01130147206228	0	0	0	0.874708708056885	0.659441256648419	0	0	0	-0.811221170687497	0	Biswal_PM2.5_Male
Rps27rt	0	0	0.706902609207594	0	0	0	0.795031319533184	-1.40882338055194	0	0	0	0.864399345381933	0.657122534328754	0	0.780171631513022	0	-1.20184739056053	0	Biswal_PM2.5_Male
Chrm3	-0.928962217931298	0	-1.02253080147148	0	0	0	0.757804125686139	-1.07937852536741	0	0	0	0	0	-1.53461683224319	-1.1832548296584	0	0	0	Biswal_PM2.5_Male
C1qb	0	0	0	0	0	0	1.69960596797883	-0.607202452441833	0	0	0	0	0	0	-1.7732817827122	0	0	0	Biswal_PM2.5_Male
Fam129b	0	0	0	0	0	0	1.05758096077018	-0.717062755615626	0	0	0	0	0	0	-1.54481863449846	0.775004020512421	0	0	Biswal_PM2.5_Male
Fabp5	0	0	0	-1.59592564620958	0	0	0.876713618663355	-2.16571716632156	0	0	0	0	-0.961111746465482	0	0	0	0	0	Biswal_PM2.5_Male
Aldh1b1	0	0	0	1.14547790567961	0	0.731769057752749	0.610700670836639	-0.97846473995527	0	0	0	0	-1.12087204253855	0	0	0	0	0	Biswal_PM2.5_Male
Gm20939	0	0	0	0	0	0	1.43635461899145	-0.706807166770757	0	0	0	-0.777969638312524	0	0	0.956802648345032	0	0	0	Biswal_PM2.5_Male
Tmem205	0	0	0	0	0	0.612144020532136	1.0570758055135	-0.644976399828078	0	0	0	0	0	0	0	0	-0.779275800086883	0	Biswal_PM2.5_Male
Wfdc17	0	0	0	0	0	0	1.90130160312503	-0.857536410937795	0	0	0	0	0	0	0	0	-1.1952417270719	0	Biswal_PM2.5_Male
Ccl9	0	0	0	0	0	0	1.52416039083717	-0.905469218945688	0	0	0	0	0	0	-0.650384585189494	0	0	0	Biswal_PM2.5_Male
Klra2	0	0	0	0	0	0	1.3954132416991	-0.683586101369759	0	0	0	0	0	0	0	0	0	0	Biswal_PM2.5_Male
Depdc7	0	0	0	0	0	0	1.9426766612266	-0.794280389641833	0	0	0	0	0	0	0	0	0	0	Biswal_PM2.5_Male
Lyz2	0	0	0	0	0	0	1.84268482433113	-0.661176484156966	0	0	0	0	0	0	0	0	0	0	Biswal_PM2.5_Male
Gas2	0	0	0	0	0	0	0.99493266279504	-0.611299804128515	0	0	0	0	0	0	0	0	0.756828270399344	0	Biswal_PM2.5_Male
Raph1	0	0	0	0	0	0	1.33882711664138	-0.650642869955149	0	0	0	0	0	-0.598563906259292	0	0	0.625756279273216	-0.688129961049109	Biswal_PM2.5_Male
Ahnak	0	0	0	0	0	0	0.981588022410906	-0.77076130166968	0	0	0	0	0	0	-0.84836608395385	0	0	0	Biswal_PM2.5_Male
Tiam1	0	0	0	0	0	0	1.23253252211369	-0.725944942139528	0	0	0	0	0	0	-0.82946582826722	0	0	0	Biswal_PM2.5_Male
Aph1c	0	0	0	0	0	0	0.851936496514393	-1.01126376443497	0	0	0	0	0	0	-0.728215003098907	0	0	0	Biswal_PM2.5_Male
Hk3	0	0	0	0	0	0	0.737668260154432	-0.613158649009279	0	0	0	0	0	0	-0.7309998831878	0	0	0	Biswal_PM2.5_Male
Apobec1	0	0	0	0	0	0	0.599249498236623	-0.653265439838699	0	0	0	0	0	-0.716229294826978	-0.596800901723551	0	0	0	Biswal_PM2.5_Male
Aph1b	0	0	0	0	0	0	0.961271220691441	-0.877848953870416	0	0	0	0	0	-0.84066764866062	0	0	0	0	Biswal_PM2.5_Male
Spic	0	0	0	0	0	0	0.955017284629284	-0.732812368783266	0	0	0	0	0	-0.768059262355982	0	0	0	0	Biswal_PM2.5_Male
Atp8b4	0	0	0	0	0	0	0.922487159518775	-0.839653711479332	0	0	0	0	-0.924352214452343	0	0	0	0	0	Biswal_PM2.5_Male
Svil	0	0	0	0	0	0	0.700294228961894	-0.899571937717451	0	0	0	0	-0.618080724004698	0	0	0	0	0	Biswal_PM2.5_Male
Gm10123	0	0	0	0	0.596420424087048	0	0.661567821453751	-0.742883004109249	0	0	0	0	0	0	-0.641036617685281	0	0	0	Biswal_PM2.5_Male
Tmsb4x	0	0	0	0	0.902438008964019	0	0.892726573361909	-0.92801659159759	0	0	0	0	0	0	0	0	0	0	Biswal_PM2.5_Male
Tspyl4	0	0	0	0	0	0	0.805118025246453	-1.08424112958416	0	0	0	0	0	0	0	-0.769693842650329	0	0	Biswal_PM2.5_Male
Clec12a	0	0.67195774441722	0	0	0	0	0.772927990847936	-0.682419142552264	0	0	0	0	0	0	0	0	0	0	Biswal_PM2.5_Male
Insig1	0	0	0	0	0	0	0.597859792860328	-1.11751515188053	0	0	0	0	0	0	0	0	0	0	Biswal_PM2.5_Male
Gm4956	0	0	0	0	0	0	0.674990654830738	-0.875040640761207	0	0	0	0	0	0	0	0	0	0	Biswal_PM2.5_Male
Paox	0	0	0	0	0	0	0.658204409053561	-0.848740781603299	0	0	0	0	0	0	0	0	0	0	Biswal_PM2.5_Male
2310001H17Rik	0	0	0	0	0	0	0.729684583122096	-0.792212409397469	0	0	0	0	0	0	0	0	0	0	Biswal_PM2.5_Male
Tyrobp	0	0	0	0	0	0	0.680107071644124	-0.794998110085718	0	0	0	0	0	0	0	0	0	0	Biswal_PM2.5_Male
Ttc39c	0	0	0	0	0	0	0.637820221100303	-0.588782505505251	0	0	0	0	0	0	0	0	0	0	Biswal_PM2.5_Male
Xbp1	0	0	0	0	0	0	0.626375901355156	-0.660036886476455	0	0	0	0	0	0	0	0	0	0	Biswal_PM2.5_Male
Arhgap26	0	0	0	0	0	0	0.811342227558971	-0.64043793989618	0	0	0	0	0	0	0	0	0	0	Biswal_PM2.5_Male
Cd53	0	0	0	0	0	0	0.766929745498465	-0.606015764006472	0	0	0	0	0	0	0	0	0	0	Biswal_PM2.5_Male
Pkdcc	0	0	0	0	0	0	0.753796297932434	-0.592699125920375	0	0	0	0	0	0	0	0	0	0	Biswal_PM2.5_Male
Tlcd1	0	0	0	0	0	0	1.43613304460112	-0.705464494403641	0	0	0	0	0.891356089779961	0	0	0	0	0	Biswal_PM2.5_Male
Rps14	0	0	0	0	0	0	0.905947632543765	-0.733861061248285	0	0	0	0	0.831894216082806	0	0	0	-0.652535687309715	0	Biswal_PM2.5_Male
H2-Aa	0	0	0	0	0	0	0.592278387104665	-0.708758413060601	0	0	0	0	1.14913351823511	0	0	0	0	0	Biswal_PM2.5_Male
Rpl30	0	0	0	0	0	0	0.726268234759684	-0.599862213470654	0	0	0	0	0.634765837494311	0	0	0	0	0	Biswal_PM2.5_Male
Rps3	0	0	0	0	0	0	0.719610668020992	-0.677780523866868	0	0	0	0	0.842272772612766	0	0	0	0	0	Biswal_PM2.5_Male
Gm13835	0	0	1.13592343519824	0	0.791009598745527	0	0.596695159511072	-0.855850995360185	0	0	0	0	0	0	0	-0.686739312635763	0	0	Biswal_PM2.5_Male
Aif1	0	0	0.900995273589896	0	0	0	1.20961084685712	-0.962429970844681	0	0	0	0	0	0	0	0	-0.707315496616795	0	Biswal_PM2.5_Male
Fuom	0	0	0.849385472268633	0	0	0	0.658635682749119	-0.996628424829633	0	0	0	0	0	0	0	0	0	0	Biswal_PM2.5_Male
Dnajc12	0	0	0	-0.802180751215388	0	0	0.869049769636513	-0.72793372964887	0	0	0	0	0	0	0	-1.01028242780519	-0.637726310384905	0	Biswal_PM2.5_Male
Sdf2l1	0	-0.689750611637335	0	0	0	0	1.02916477514153	-0.64803982457984	0	0	0	0	0	-0.685154392859066	-0.651877625736088	-1.04154986185411	0	0	Biswal_PM2.5_Male
Snord17	0	0	0	0	0	0	0	0	-1.14125507660077	1.33968271306903	0	0	0	0	0	0	0	1.06612871287724	Dolinoy_DEHP_Male
Trim5	0	0	0	0	0	0	0.618878155404671	0	0.902755676850605	0.69612853060531	0	0	0	0	0	0	0	0	Dolinoy_DEHP_Male
Gm13509	0	0	-0.79758258304984	0	0	0	-1.436848385763	0	0	0	-1.43859362676445	-1.05723879062699	-0.676083080900955	0	0	0	0	-1.01161376820074	Dolinoy_Pb_Male
Gm43305	0	0	0	0	0	0	0	2.0829851924374	0	0	-1.50233989886617	-1.67509167745346	0	0	0	0	0	0	Dolinoy_Pb_Male
Ptpn13	0	0	0	0	0	0	0	0	0	0	-1.1794934049967	-1.02939114152515	-0.777213046205451	0	0	0	0	0	Dolinoy_Pb_Male
Kantr	0	0	0	0	0	0	0.830024782825079	0	0	0	-0.652239026088538	-0.822825550907856	0	0	0	0	0	0	Dolinoy_Pb_Male
mt-Co1	0	0	0	0	0	0	0	0	0	0	-0.603860388523842	-0.642812216240955	0	0	0	0	0	0	Dolinoy_Pb_Male
Zc3h11a	0	0	0	0	0	0	0.631360540139458	0	0	0	-0.945437081075772	-0.735005110779867	0	-0.835127052987048	0	0	0	-0.840412054986741	Dolinoy_Pb_Male
Atg9a	0	0	-0.723998183634155	0	0	0	0	0	0	0	-0.719009561925592	-0.996592313713395	0	0	0	0	0	-0.733093143521424	Dolinoy_Pb_Male
Thtpa	0	0	0	0	0	0	0	0	0	0	-0.768762255521634	-1.23813368526589	0	0	0	0	0	-0.605118259513679	Dolinoy_Pb_Male
Gm38394	0	0	0	0	0	0	1.06798933184697	0	1.06584913202158	0	1.25400526461903	-1.19365234947353	0	-0.934857093286781	0	0	0	0	Dolinoy_Pb_Male
Gpx8	0	0	0	0	0	0	0	-0.660475038534619	0	0	0.865579243152854	0.654636834591307	0	0	0	0	0	0	Dolinoy_Pb_Male
Hist1h1e	0	0	0	0	0	0	0	0	0	1.04994883483189	0.807899383828674	1.19576238480963	0	0	0	0	0	0	Dolinoy_Pb_Male
Gm1821	0	0	-0.806937579108725	0	0	0	0	0	0	0	-0.74708824247091	0.859425629376626	-0.808335273052501	0	0	0	0	0	Dolinoy_Pb_Male
Gm10095	0	0	0	0	0	0	0	0	0	0	-0.891746806063508	1.21204720011444	0.611279415938255	0	0	0	0	0	Dolinoy_Pb_Male
Gm13456	0	0	0	0	0.675427598473286	0	0	0	0	0	-0.701337672995774	0.783004242190701	0	0	0	-0.879254949430538	0	-0.739167038887211	Dolinoy_Pb_Male
Dbp	0	0	0	0	0	0	-0.88900837560754	0	0	0	0	0	0.673449560570352	2.20030698650193	0	2.29163728546311	0	0	Mutlu_PM2.5_Male
Esr1	0	0	0	0	0	0	0.869441323101242	0	0	0	0	0	0.617456547898168	-0.655849267606979	0	0	0	0.92647578747813	Mutlu_PM2.5_Male
Foxo1	0	0	0	0	0	0	0	0.797121261804704	0	0	0	0	0.66548587121638	-0.630676870436398	0	0	0	0	Mutlu_PM2.5_Male
Man2c1os	0	0	0	0	0	0	0	0	0	0	0	0	0.717638466931481	0.602354385610398	0.79095514758989	0	0.725401920560499	0	Mutlu_PM2.5_Male
Neurl2	0	0	0	0	0	0	0	0	0	0	0	0	0.897831827130357	0.606581084531542	0	0	-0.664506791687945	0	Mutlu_PM2.5_Male
Gstt2	0	0	0	0	0	0	0	0	0	0	0	0	0.873099325871948	0.62061047849701	0	0.621577665084331	0	0	Mutlu_PM2.5_Male
Ighm	0	0	0	0	0	0	0	0	0	0	0	0	0.862512246501236	1.1961305093945	0	0	0	0	Mutlu_PM2.5_Male
2310039H08Rik	0	0	0	0	0	0	0	0	0	0	0	0	0.615747093209173	0.678945414338492	0	0	0	0	Mutlu_PM2.5_Male
Cd79b	0	0	0	0	0	0	0	0	0	0	0	0	0.90257574028373	0.657834902656479	0	0	0	0	Mutlu_PM2.5_Male
Steap4.1	0	0	0	-0.778856865045666	0	0	1.3237398998927	1.21792344733621	0	0	0	0	-1.54458153825731	-0.903765844852796	-1.43291237548874	-1.71257377746267	0	-0.897449188594343	Mutlu_PM2.5_Male
Atp11a	0	0	0	-0.892139419846331	0	0	1.50076854390655	0	0	0	0	0	-1.06005590415335	-1.01670129278703	-1.11682718790502	-0.982860666994472	0	-0.820945006136454	Mutlu_PM2.5_Male
Ms4a6d	0	0	0	0	0	0	2.07500914125222	0	0	0	0	0	-1.02330817633605	-0.846561824400518	-1.54442679035143	-0.733895776372387	0	0	Mutlu_PM2.5_Male
Fkbp5.1	0	0	0	0	0	0	0.893858337059119	1.91148413677428	0	0	0	0	-1.08600673286321	-0.863020280730664	0	0	0	0.898122371018708	Mutlu_PM2.5_Male
Il1rn.1	-0.999924045786696	0	0	0	0	0	0.718233913916487	0.751544399680837	0	0	0	0	-0.749306238973296	-1.23150462989631	-1.27175371322853	0	0	0	Mutlu_PM2.5_Male
Tlr13.1	0	0	0	0	0	0	0.947969636379323	0.651095442438707	0	0	0	0	-0.774485472734758	-1.14762327361578	-1.04335619127105	0	0	0	Mutlu_PM2.5_Male
Il13ra1	0	0	0	0	0	0	1.46221002232705	0	0	0	0	0	-0.706079582845338	-0.608929040124434	0	0	0	0	Mutlu_PM2.5_Male
Trpm2	0	0	0	0	0	0	0.864667853870787	0	0	0	0	0	-0.740402567731316	-0.634216503284404	0	0	0	0	Mutlu_PM2.5_Male
Cpeb2	0	0	0	0	0	0	0	0.691223771245882	0	0	0	0	-0.706016203700576	-0.8717506184581	0	0	0	0	Mutlu_PM2.5_Male
Cdk5rap1	0	0	0	0	0	0	0	0	0	0	0	0	-0.957962845649463	-0.626383743044733	0	0	0	0	Mutlu_PM2.5_Male
Slc26a6	0	0	0	0	0	0	0	0	0	0	0	0	-1.11458026030765	-0.647927117237284	0	0	0	0	Mutlu_PM2.5_Male
H2-T24	0	0	0	0	0	0	0	0	0	0	0	0	-0.592930835124511	-0.783939029943696	0	0	0	0	Mutlu_PM2.5_Male
Lcor	0	0	0	0	0	0	0	0	0	0	0	0	-0.683794330219623	-0.640066148485406	0	0	0	0	Mutlu_PM2.5_Male
Fpr1	0	0	0	0	0	0	0	0	0	0	0	0	-1.00659751355259	-0.928767484179067	-1.05880153551302	0	0	0	Mutlu_PM2.5_Male
Oas2	-0.637754745569079	0	0	0	0	0	0	0	0	0	0	0	-0.908618509329512	-0.841883638901813	-0.711420476263969	0	0	0	Mutlu_PM2.5_Male
Entpd1	0	0	0	0	0	0	0.642454358771174	0	0	0	0	0	-0.939446369741378	-0.663976011227762	-0.651967634842414	0	0	0	Mutlu_PM2.5_Male
Tlr2	0	0.658038963287029	0	0	0	0	0.680430001743561	0	0	0	0	0	-0.590633006586756	-0.836932290907118	-0.742558082909354	0	0	0	Mutlu_PM2.5_Male
Fabp2	0.846548641197214	0	0	0	0	0	0	0	0	0	0	0	-2.94580882401622	0.926762691631752	0	0	0.741148884224906	0	Mutlu_PM2.5_Male
Mgst3	0	0	0	0	0	0	-1.36668891808168	0	0	0	0	0	-0.929723868466883	0.938775481366757	0	0	0	0	Mutlu_PM2.5_Male
Tceal8	0	0	0	0	0	0	-1.07644080944994	0	0	0	0	0	-0.588496660906911	0.783035803453042	0	0	0	0	Mutlu_PM2.5_Male
Acmsd	0	-0.985894141835665	0	0	0	0	-1.9492805807218	0	0	0	0	0.909765839875574	-1.37789867138742	-1.04428398025611	0	-0.660066012134353	0	0	Mutlu_PM2.5_Male
St3gal5.1	0	0	0	0	0	0	-1.32787123698417	2.08499678616518	0	0	0	0	-0.901046708817097	-0.694724456753218	0	-0.614965339910094	0	0	Mutlu_PM2.5_Male
Ncoa4.1	0	0	0	0	-1.021746157178	0	-0.803615114734669	0.66334715580709	0	0	0	-0.639309353259124	-1.06043855147092	-0.635177365265511	0	0	0	0	Mutlu_PM2.5_Male
Armcx4.1	0	0	0	0	0	0	-0.753466455287221	0.608862317506345	0	0	0	0	-1.10013230071307	-0.699817354445739	0	0	0.80622149752991	0	Mutlu_PM2.5_Male
Tent5c.1	0	0	0	0	0	0	-1.12250163592328	1.13317167476247	0	0	0	0	-0.883290716484153	-0.642855186783228	0	0	0	0	Mutlu_PM2.5_Male
Mir6236	0	0	0	0	0	0	-2.82849629921194	0	0	0	0	0	0	0	-2.76606393083332	-1.7718939791051	2.26289464961569	0	Walker_TBT_Male
n-R5-8s1	0	0	0	0	-3.0747714793238	0	0	0	0	0	0	0	0	0	-5.18740093251293	-1.96525098790642	0	0	Walker_TBT_Male
Pls1.1	0	0	0	0	0.774320792597345	0	-0.862645410493062	1.36236671376332	0	0	0	0	0	0	-1.02693434177932	3.29702257590425	0	0	Walker_TBT_Male
Src	0	0	0	0.605483940101153	0	0	-1.14871939405741	0	0	0	0	0	0	0	-1.51894796528686	0.713960526004376	0	0	Walker_TBT_Male
Rab27b.1	0	0	0	0	0.791684494308623	-0.648299826074692	0	0	0	0	0	0	0	0	-1.09096059889311	0.65206062572172	0	0	Walker_TBT_Male
Arhgap6	0	0	0	0	0.613099860041077	0	-0.670685606825575	0	0	0	0	0	0	0	-0.82117102357639	0.705680780718797	0	0	Walker_TBT_Male
Sord	0	0	0	0	0.882234142070011	0	-0.679350223302026	0	0	0	0	0	0	0	-0.631266032492688	0.66949315673036	0	0	Walker_TBT_Male
Lrrc8b	0	0.938472053672999	0	0	0.609135740091908	0	0	0	0	0	0	0	0	0	-0.851247948879516	1.08187984910114	0	0	Walker_TBT_Male
Ckb	0	0	0	0	0	0	0	0	0	0	0	0	0	0	-0.777764307110161	1.22571125092194	0	0	Walker_TBT_Male
Tnik	0	0	0	0	0	0	0	0	0	0	0	0	0	0	-0.73960050460785	0.890071114076325	0	0	Walker_TBT_Male
Pkm	0	0	0	0	0	0	0	0	0	0	0	0	0	0	-1.1749588750718	1.17296225905924	0	0	Walker_TBT_Male
Sort1	0	0	0	0	0	0	0	0	0	0	0	0	0	0	-1.2942059018449	0.702895003697107	0	0	Walker_TBT_Male
Lgals4	0	-0.616664807714982	0	0	0	0	0	0.658268629908782	0	0	0	0	-2.42748516548727	0	1.49973086873658	2.67154420741622	0	0	Walker_TBT_Male
Pcsk4	0	0.731328249228536	0	0	0	0.682712994877	0	0	0	0	0	0	0	1.17236925898198	1.67365554545836	1.45909264117285	0	0	Walker_TBT_Male
Rorc	0	0	0	0.799240524348778	0	0	0	0	0	0	0	0	0	0	1.64861579982716	0.590559707491998	1.41412912778232	0	Walker_TBT_Male
Gm14410	0	-0.765040305170834	0	0	0	0	0	0	0	0.974101216172235	0	0	0	0	1.20155731904461	0.702824577203314	0	0	Walker_TBT_Male
Nr1d2	0	0	0	0	0	0	0.719530087998993	0	0	0	0	0	0	0	0.741425794823445	0.768009889025934	0	0	Walker_TBT_Male
Adamdec1	0	0	0	0	0	0	0	0	0	0	0	0	0	0	1.04701904188865	0.749973520487771	0	0	Walker_TBT_Male
AC163032.1	0	0	0	0	0	0	0	0	0	0	0	0	0	0	0.614727769647108	0.730050518240476	0	0	Walker_TBT_Male
Scai	0	0	0	0	0	0	0	0	0	0	0	0	0	0	0.788193869133893	0.753733169023021	0	0	Walker_TBT_Male
Cdkn1a	0	0	0.623914058823579	0	0	0	0	3.08946299404981	0	0	0	0	0	-1.81515838299944	-0.661159614689337	-2.09874891248124	0	0	Walker_TBT_Male
Gm10275.1	0	0	0.652904314436006	0	0	0	0.698211202904641	-1.19448833554612	0	0	0	0.787582776169348	0	0	0.705453500732875	-0.764480763326283	-0.712325904543647	0	Walker_TBT_Male
Gm14586	0	0	0.884891891979397	0	0	0	0	-1.21068961021364	0	0	0	0.710485179764959	0.717139584379714	0	-0.717230527707913	-1.30573872053206	-0.620579091014577	0	Walker_TBT_Male
Srp54a	0	0	0	0	0	0	1.38295624497468	0	0	0	0	0	0	0	0.721514829330744	-0.63200992045669	0	0	Walker_TBT_Male
Slc25a29	0	0	0	0	0	0	0	0	0	0	0	0	0.720329234924158	0	0.987735456277571	-0.879641734384815	0	0	Walker_TBT_Male
Nfatc2ip	0	0	0	0	0	0	0	0	0	0	0	0	0	0	0.712410276746343	-0.73523952699262	0	0	Walker_TBT_Male
A230072C01Rik	0	0	0	0	0	0	0	0	0	0	0	0	0	0	0.813957188766261	-0.797484872096032	0	0	Walker_TBT_Male
Lag3	0	0	0	0	0	0	0	0	0	0	0	0	0	0	0.904859350543161	-0.849934352124837	0	0	Walker_TBT_Male
Dnmt3b	0	0	0	0	0	0	0	0	0	0	0	0	0	0	0.623623657444119	-1.40794282451328	0	0.987649437262322	Walker_TBT_Male
Mycl	0	-0.898284211988769	0	0	0	0	0	0	0	0	0	0	0	0	1.03555633857113	-0.642665922737022	0	0.649815506735943	Walker_TBT_Male
Ly6d	0	1.25921773354525	0	0	0	0	-0.681039035912041	0	0	0	0	0	0.700296359026257	0	0.673866422318003	-1.31984775395385	0	0	Walker_TBT_Male
Gm9385	0	0	0.710020293364774	0	1.36249278502171	0	0	0	0	0	0	0	0.621420497779522	0	0.77962822868037	-0.855051733390565	-0.736912288896017	0	Walker_TBT_Male
Gm8186	0	0	0	0	0	0	0	0	0	0	0	1.27629271815623	0.706569597082687	0	0.728209095210569	-0.802752130482761	-1.09059427676566	0	Walker_TBT_Male
Ung	0	0	0	0	0	0	0	0.773787451247967	0	0	0	0	0	0	0.647854809455073	-0.816153887485686	-0.904198745710973	0	Walker_TBT_Male
Fam129b.1	0	0	0	0	0	0	1.05758096077018	-0.717062755615626	0	0	0	0	0	0	-1.54481863449846	0.775004020512421	0	0	Walker_TBT_Male
Ptgfrn	0	0	0	0	0	0	1.68670348165558	0	0	-0.606690012718859	0	0	0	0	-0.880319208882848	0.630544720781656	0	0	Walker_TBT_Male
Sdf2l1.1	0	-0.689750611637335	0	0	0	0	1.02916477514153	-0.64803982457984	0	0	0	0	0	-0.685154392859066	-0.651877625736088	-1.04154986185411	0	0	Walker_TBT_Male
Kctd17	0	0	0	0	0	0	0.925511085996234	0	0	0	0	0	0	0	-0.806700220885897	-0.646201700622373	0	0	Walker_TBT_Male
Nfil3	0	-0.799725380070447	0	0	0	0	0.669175643549878	0	0	0	0	0	0	0	-0.810010995515355	-0.877709886869301	0	0	Walker_TBT_Male
Socs3	0	0	0	0	0	0	0.616026538451963	0	0	0	0	0	-0.644680608043009	0	-1.28830567372954	-1.12515416518135	-0.759864058549313	0	Walker_TBT_Male
Litaf	0	0	0	0	0	0	0	0	0	0	0	0	0	0	-1.27984106345662	-1.04196107380815	0	0	Walker_TBT_Male
Tubb2a	0	0	0	0	0	0	0	0	0	0	0	0	0	0	-1.13826067983737	-1.24300491424408	0	0	Walker_TBT_Male
Tubb6	0	0	0	0	0	0	0	0	0	0	0	0	0	0	-1.18742976490802	-1.2930088265024	0	0	Walker_TBT_Male
Tnfrsf1a	0	0	0	0	0	0	0	0	0	0	0	0	0	0	-0.846431801280538	-0.61984891087642	0	-0.713043322753267	Walker_TBT_Male
Rtl8a	0	0	0	0	0	0	0	0	0	0	0	0	0	0	-0.976076738112137	-0.668367640050928	0	0	Walker_TBT_Male
Rtl8b	0	0	0	0	0	0	0	0	0	0	0	0	0	0	-0.750153073892176	-0.617523586494477	0	0	Walker_TBT_Male
Steap4.2	0	0	0	-0.778856865045666	0	0	1.3237398998927	1.21792344733621	0	0	0	0	-1.54458153825731	-0.903765844852796	-1.43291237548874	-1.71257377746267	0	-0.897449188594343	Walker_TBT_Male
Atp11a.1	0	0	0	-0.892139419846331	0	0	1.50076854390655	0	0	0	0	0	-1.06005590415335	-1.01670129278703	-1.11682718790502	-0.982860666994472	0	-0.820945006136454	Walker_TBT_Male
Ms4a6d.1	0	0	0	0	0	0	2.07500914125222	0	0	0	0	0	-1.02330817633605	-0.846561824400518	-1.54442679035143	-0.733895776372387	0	0	Walker_TBT_Male
Cebpb	0	0	0.912409025057584	0	0	0.707976304429184	0	0.849372861806705	0	0	0	0	0	0	-0.760067977285325	-0.674460475823303	-1.21104444011803	0.792189336327702	Walker_TBT_Male
Mirt2.1	0	0.894462996737283	0	0	0	0	0.800809983157969	0.946933768380021	0	0	0	0	0	0	-1.15352366133386	-0.842486733100957	0	0	Walker_TBT_Male
C5ar1.1	0	0	0	0	0	0	0.669655717922211	0.841833963799623	0	0	0	0	0	-1.01804921245045	-0.872060114628507	-0.902886259560239	0	0	Walker_TBT_Male
Fndc3b.1	0	0	0	0	0	0	1.55414605577178	1.00874332642222	0	0	0	0	0	-0.790529134080359	-0.974688482649137	-0.757621533548964	0	0	Walker_TBT_Male
Epha2	0	0	0	0	0	0	0	1.43077763522043	0	0	0	0	-0.91614178893051	0	-1.91238244863186	-1.06702266940351	0	0	Walker_TBT_Male
Lrg1	0	0	0	-0.848366243560603	0	0	0	1.24507583714604	0	0	0	0	-1.23668773542356	0	-1.50445583760467	-0.961631390294718	0	0	Walker_TBT_Male
Gadd45g	0	0	0	0	0	0	0	1.75426016913013	0	0	0	0	0	0	-0.709715631444048	-1.56827491925488	0	0	Walker_TBT_Male
Lbp	0	0	0	0	0	0	0	1.21335204426307	0	0	0	0	0	-0.722419440045294	-1.40431480788485	-0.597011504014797	0	0	Walker_TBT_Male
Prg4	0	0.773715223080851	0	-0.636132653530917	0	0	0	1.10366115906889	0	0	0	0	0	-0.693571467986065	-2.37958185766891	0	2.35868486744947	-0.741256703544918	Zhibin_As_Male
Raph1.1	0	0	0	0	0	0	1.33882711664138	-0.650642869955149	0	0	0	0	0	-0.598563906259292	0	0	0.625756279273216	-0.688129961049109	Zhibin_As_Male
Gm21781	0	0	0	0	0	0	0	0	0	0	0	0	0.837722985863799	0	0.789143430683413	0	0.779620049700087	-1.09373801062358	Zhibin_As_Male
Snx32	0	0	0	0	0	0	0	0	0	0	0	0	0	0	0	0.605417125452752	0.617811481653861	-0.689115293095326	Zhibin_As_Male
Tert	0	0	0	0	0	0	0	-0.60205501361314	0	0	0	0	0	0	0	0.824450777757636	1.08180953438195	-0.938926240832565	Zhibin_As_Male
Zmym6	0	-0.714041288134396	0	0	0	0	0	0	0.640696481316707	0	0	0	0	0	0	0	0.646093732947026	-0.64108912729128	Zhibin_As_Male
Leng8	0	0	0	0	-0.62846258883404	0	0	0	0	0	0	0	0	0	0	0	0.669104524468717	-0.750125762633172	Zhibin_As_Male
Atat1	0	0	0	0	0	0	0	0	0	0	0	0	0	0	0	0	0.913587909795581	-0.626450893748485	Zhibin_As_Male
Zfhx2	0	0	0	0	0	0	0	0	0	0	0	0	0	0	0	0	0.838014046826033	-0.710458704266229	Zhibin_As_Male
Cyp1a2	0	0	0	0	0	0	0	0	0	0	0	0	0	0	0	0	0.647675775651974	-0.778185074494042	Zhibin_As_Male
Ssh3	0	0	0	0	0	0	0	0	0	0	0	0	0	0	0	0	0.824449786067043	-0.990290902055522	Zhibin_As_Male
Cebpb.1	0	0	0.912409025057584	0	0	0.707976304429184	0	0.849372861806705	0	0	0	0	0	0	-0.760067977285325	-0.674460475823303	-1.21104444011803	0.792189336327702	Zhibin_As_Male
Rpl22l1	0	0	0	0	0	0	0	-1.13781778118542	0	0	0	0	0.597364319840181	0	0.761570462999867	0	-1.3267661878157	0.671868401237494	Zhibin_As_Male
Sco2	0	0	0	0	0	0	0	0	0	0	0	0	0	0	0	0	0.679633754295865	0.749622624356473	Zhibin_As_Male
Calhm6	0	0	0	0	0	0	0	-0.891581736687275	0	0	0	0	0	0	0	0	-0.58721137823938	0.749054876316371	Zhibin_As_Male
Atp5e	0	0	0	0	0	0	0	0	0	0	0	0	0	0	0	0	-1.08264438011177	0.700597533411124	Zhibin_As_Male
Cops9	0	0	0	0	0	0	0	0	0	0	0	0	0	0	0	0	-1.13158418411159	0.633749199657648	Zhibin_As_Male
Abhd17b	0	0	0	0	0	0	0	0	0	0	0	0	0	0	0	0	-0.834849599503414	0.60987901597041	Zhibin_As_Male
Fam241a	0	0	0	0	0	0	0	0	0	0	0	0	0	0	0	0	-0.788517112214104	0.694398809975243	Zhibin_As_Male
Gm5617	0	0	0.671977237630994	0	0	0	0	0	0	0	0	0	0	0.78059085303868	0	0	-1.0341576866021	0.599324566877456	Zhibin_As_Male
Ier3ip1	0	0	1.03180014407088	0	0.622782459383574	0	0	0	0	0	0	0	0	0	0	0	-0.632347618933582	0.58798236541291	Zhibin_As_Male
Ndufa5	0	0	0.789498091717643	0	0	0	0	0	0	0	0	0	0	0	0	0	-0.750750507963379	0.691211064817548	Zhibin_As_Male
